## LogoData
# First column is position number, counting from zero
# Subsequent columns are raw symbol counts
# Entropy is mean entropy measured in nats.
# Low and High are the 95% confidence limits.
# Weight is the fraction of non-gap symbols in the column.
#	
#	A 	C 	D 	E 	F 	G 	H 	I 	K 	L 	M 	N 	P 	Q 	R 	S 	T 	V 	W 	Y 	Entropy	Low	High	Weight
1 	0 	1 	0 	0 	0 	0 	0 	0 	0 	0 	0 	0 	0 	0 	0 	0 	0 	0 	0 	0 	1.2492 	0.5685 	1.9300 	0.0556
2 	0 	0 	0 	0 	0 	0 	0 	0 	0 	1 	0 	0 	0 	0 	0 	0 	0 	0 	0 	0 	1.0177 	0.3875 	1.6480 	0.0556
3 	0 	0 	0 	0 	0 	0 	0 	0 	0 	0 	0 	0 	0 	0 	0 	0 	1 	0 	0 	0 	1.0693 	0.4708 	1.6678 	0.0556
4 	0 	0 	0 	0 	0 	0 	0 	0 	0 	0 	0 	0 	0 	0 	1 	0 	0 	0 	0 	0 	1.0715 	0.4735 	1.6694 	0.0556
5 	1 	0 	0 	0 	0 	0 	0 	0 	0 	0 	0 	0 	0 	0 	0 	0 	0 	0 	0 	0 	1.0279 	0.4073 	1.6486 	0.0556
6 	0 	0 	0 	0 	0 	0 	0 	0 	0 	0 	0 	0 	0 	1 	0 	0 	0 	0 	0 	0 	1.1189 	0.5202 	1.7177 	0.0556
7 	1 	0 	0 	0 	0 	0 	0 	0 	0 	0 	0 	0 	0 	0 	0 	0 	0 	0 	0 	0 	1.0279 	0.4073 	1.6486 	0.0556
8 	1 	0 	0 	0 	0 	0 	0 	0 	0 	0 	0 	0 	0 	0 	0 	0 	0 	0 	0 	0 	1.0279 	0.4073 	1.6486 	0.0556
9 	0 	0 	0 	0 	0 	1 	0 	0 	0 	0 	0 	0 	0 	0 	0 	0 	0 	0 	0 	0 	1.0429 	0.4331 	1.6526 	0.0556
10 	1 	0 	0 	0 	0 	0 	0 	0 	0 	0 	0 	0 	0 	0 	0 	0 	0 	0 	0 	0 	1.0279 	0.4073 	1.6486 	0.0556
11 	1 	0 	0 	0 	0 	0 	0 	0 	0 	0 	0 	0 	0 	0 	0 	0 	0 	0 	0 	0 	1.0279 	0.4073 	1.6486 	0.0556
12 	0 	0 	0 	0 	0 	1 	0 	0 	0 	0 	0 	0 	0 	0 	0 	0 	0 	0 	0 	0 	1.0429 	0.4331 	1.6526 	0.0556
13 	0 	0 	0 	0 	0 	0 	0 	0 	0 	1 	0 	0 	0 	0 	0 	0 	0 	0 	0 	0 	1.0177 	0.3875 	1.6480 	0.0556
14 	0 	0 	0 	0 	0 	1 	0 	0 	0 	0 	0 	0 	0 	0 	0 	0 	0 	0 	0 	0 	1.0429 	0.4331 	1.6526 	0.0556
15 	0 	0 	0 	0 	0 	1 	0 	0 	0 	0 	0 	0 	0 	0 	0 	0 	0 	0 	0 	0 	1.0429 	0.4331 	1.6526 	0.0556
16 	0 	0 	0 	0 	0 	0 	0 	0 	0 	0 	0 	0 	1 	0 	0 	0 	0 	0 	0 	0 	1.0859 	0.4900 	1.6817 	0.0556
17 	0 	0 	0 	0 	0 	1 	0 	0 	0 	0 	0 	0 	0 	0 	0 	0 	0 	0 	0 	0 	1.0429 	0.4331 	1.6526 	0.0556
18 	0 	0 	0 	0 	0 	1 	0 	0 	0 	0 	0 	0 	0 	0 	0 	0 	0 	0 	0 	0 	1.0429 	0.4331 	1.6526 	0.0556
19 	0 	0 	0 	0 	0 	1 	0 	0 	0 	0 	0 	0 	0 	0 	0 	0 	0 	0 	0 	0 	1.0429 	0.4331 	1.6526 	0.0556
20 	1 	0 	0 	0 	0 	0 	0 	0 	0 	0 	0 	0 	0 	0 	0 	0 	0 	0 	0 	0 	1.0279 	0.4073 	1.6486 	0.0556
21 	0 	0 	0 	0 	0 	1 	0 	0 	0 	0 	0 	0 	0 	0 	0 	0 	0 	0 	0 	0 	1.0429 	0.4331 	1.6526 	0.0556
22 	0 	0 	0 	0 	0 	0 	0 	0 	0 	0 	0 	0 	0 	0 	1 	0 	0 	0 	0 	0 	1.0715 	0.4735 	1.6694 	0.0556
23 	1 	0 	0 	0 	0 	0 	0 	0 	0 	0 	0 	0 	0 	0 	0 	0 	0 	0 	0 	0 	1.0279 	0.4073 	1.6486 	0.0556
24 	0 	0 	0 	0 	0 	0 	0 	0 	0 	0 	0 	0 	0 	0 	0 	1 	0 	0 	0 	0 	1.0479 	0.4410 	1.6548 	0.0556
25 	0 	0 	0 	0 	0 	0 	0 	0 	0 	0 	0 	0 	1 	0 	0 	0 	0 	0 	0 	0 	1.0859 	0.4900 	1.6817 	0.0556
26 	0 	0 	0 	0 	0 	1 	0 	0 	0 	0 	0 	0 	0 	0 	0 	0 	0 	0 	0 	0 	1.0429 	0.4331 	1.6526 	0.0556
27 	0 	0 	0 	0 	0 	0 	0 	0 	0 	0 	0 	0 	1 	0 	0 	0 	0 	0 	0 	0 	1.0859 	0.4900 	1.6817 	0.0556
28 	0 	0 	0 	0 	0 	0 	0 	0 	0 	0 	0 	0 	1 	0 	0 	0 	0 	0 	0 	0 	1.0859 	0.4900 	1.6817 	0.0556
29 	0 	0 	1 	0 	0 	0 	0 	0 	0 	0 	0 	0 	0 	0 	0 	0 	0 	0 	0 	0 	1.0808 	0.4845 	1.6771 	0.0556
30 	0 	0 	0 	0 	0 	0 	0 	0 	0 	1 	0 	0 	0 	0 	0 	0 	0 	0 	0 	0 	1.0177 	0.3875 	1.6480 	0.0556
31 	0 	0 	0 	0 	0 	0 	0 	0 	0 	0 	0 	0 	0 	0 	1 	0 	0 	0 	0 	0 	1.0715 	0.4735 	1.6694 	0.0556
32 	0 	0 	0 	0 	0 	0 	0 	0 	0 	0 	0 	0 	1 	0 	0 	0 	0 	0 	0 	0 	1.0859 	0.4900 	1.6817 	0.0556
33 	0 	0 	0 	0 	0 	0 	0 	0 	0 	0 	0 	0 	1 	0 	0 	0 	0 	0 	0 	0 	1.0859 	0.4900 	1.6817 	0.0556
34 	0 	0 	0 	0 	0 	0 	0 	0 	0 	0 	0 	0 	1 	0 	0 	0 	0 	0 	0 	0 	1.0859 	0.4900 	1.6817 	0.0556
35 	1 	0 	0 	0 	0 	0 	0 	0 	0 	0 	0 	0 	0 	0 	0 	0 	0 	0 	0 	0 	1.0279 	0.4073 	1.6486 	0.0556
36 	0 	0 	0 	0 	0 	0 	0 	0 	0 	0 	0 	0 	1 	0 	0 	0 	0 	0 	0 	0 	1.0859 	0.4900 	1.6817 	0.0556
37 	0 	0 	0 	0 	0 	0 	0 	0 	0 	0 	0 	0 	0 	0 	1 	0 	0 	0 	0 	0 	1.0715 	0.4735 	1.6694 	0.0556
38 	1 	0 	0 	0 	0 	0 	0 	0 	0 	0 	0 	0 	0 	0 	0 	0 	0 	0 	0 	0 	1.0279 	0.4073 	1.6486 	0.0556
39 	0 	0 	0 	0 	0 	0 	0 	0 	0 	0 	0 	0 	0 	1 	0 	0 	0 	0 	0 	0 	1.1189 	0.5202 	1.7177 	0.0556
40 	0 	0 	0 	0 	1 	0 	0 	0 	0 	0 	0 	0 	0 	0 	0 	0 	0 	0 	0 	0 	1.1225 	0.5228 	1.7221 	0.0556
41 	0 	0 	0 	0 	0 	0 	0 	0 	0 	0 	0 	0 	0 	0 	1 	0 	0 	0 	0 	0 	1.0715 	0.4735 	1.6694 	0.0556
42 	1 	0 	0 	0 	0 	0 	0 	0 	0 	0 	0 	0 	0 	0 	0 	0 	0 	0 	0 	0 	1.0279 	0.4073 	1.6486 	0.0556
43 	0 	0 	0 	0 	0 	0 	0 	0 	0 	0 	0 	0 	0 	0 	1 	0 	0 	0 	0 	0 	1.0715 	0.4735 	1.6694 	0.0556
44 	1 	0 	0 	0 	0 	0 	0 	0 	0 	0 	0 	0 	0 	0 	0 	0 	0 	0 	0 	0 	1.0279 	0.4073 	1.6486 	0.0556
45 	0 	0 	0 	1 	0 	0 	0 	0 	0 	0 	0 	0 	0 	0 	0 	0 	0 	0 	0 	0 	1.0609 	0.4598 	1.6620 	0.0556
46 	0 	0 	1 	0 	0 	0 	0 	0 	0 	0 	0 	0 	0 	0 	0 	0 	0 	0 	0 	0 	1.0808 	0.4845 	1.6771 	0.0556
47 	0 	0 	0 	1 	0 	0 	0 	0 	0 	0 	0 	0 	0 	0 	0 	0 	0 	0 	0 	0 	1.0609 	0.4598 	1.6620 	0.0556
48 	0 	0 	0 	0 	0 	1 	0 	0 	0 	0 	0 	0 	0 	0 	0 	0 	0 	0 	0 	0 	1.0429 	0.4331 	1.6526 	0.0556
49 	0 	0 	0 	1 	0 	0 	0 	0 	0 	0 	0 	0 	0 	0 	0 	0 	0 	0 	0 	0 	1.0609 	0.4598 	1.6620 	0.0556
50 	0 	1 	0 	0 	0 	0 	0 	0 	0 	0 	0 	0 	0 	0 	0 	0 	0 	0 	0 	0 	1.2492 	0.5685 	1.9300 	0.0556
51 	0 	0 	0 	0 	0 	1 	0 	0 	0 	0 	0 	0 	0 	0 	0 	0 	0 	0 	0 	0 	1.0429 	0.4331 	1.6526 	0.0556
52 	0 	0 	0 	0 	0 	0 	0 	0 	0 	0 	0 	0 	0 	0 	1 	0 	0 	0 	0 	0 	1.0715 	0.4735 	1.6694 	0.0556
53 	0 	0 	0 	0 	0 	0 	0 	0 	0 	1 	0 	0 	0 	0 	0 	0 	0 	0 	0 	0 	1.0177 	0.3875 	1.6480 	0.0556
54 	0 	0 	0 	0 	0 	0 	0 	0 	0 	0 	0 	0 	1 	0 	0 	0 	0 	0 	0 	0 	1.0859 	0.4900 	1.6817 	0.0556
55 	0 	0 	0 	0 	0 	0 	0 	0 	0 	0 	0 	0 	1 	0 	0 	0 	0 	0 	0 	0 	1.0859 	0.4900 	1.6817 	0.0556
56 	0 	0 	0 	0 	0 	0 	0 	0 	0 	0 	0 	0 	0 	0 	1 	0 	0 	0 	0 	0 	1.0715 	0.4735 	1.6694 	0.0556
57 	1 	0 	0 	0 	0 	0 	0 	0 	0 	0 	0 	0 	0 	0 	0 	0 	0 	0 	0 	0 	1.0279 	0.4073 	1.6486 	0.0556
58 	0 	0 	0 	0 	0 	0 	0 	0 	0 	0 	0 	0 	0 	0 	0 	0 	0 	1 	0 	0 	1.0532 	0.4490 	1.6574 	0.0556
59 	0 	0 	0 	0 	0 	0 	0 	0 	0 	0 	0 	0 	0 	1 	0 	0 	0 	0 	0 	0 	1.1189 	0.5202 	1.7177 	0.0556
60 	0 	0 	0 	0 	0 	0 	0 	0 	0 	0 	0 	0 	0 	0 	0 	0 	0 	1 	0 	0 	1.0532 	0.4490 	1.6574 	0.0556
61 	0 	0 	0 	0 	0 	0 	0 	0 	0 	0 	0 	0 	1 	0 	0 	0 	0 	0 	0 	0 	1.0859 	0.4900 	1.6817 	0.0556
62 	0 	0 	0 	0 	0 	0 	0 	0 	0 	0 	0 	0 	1 	0 	0 	0 	0 	0 	0 	0 	1.0859 	0.4900 	1.6817 	0.0556
63 	1 	0 	0 	0 	0 	0 	0 	0 	0 	0 	0 	0 	0 	0 	0 	0 	0 	0 	0 	0 	1.0279 	0.4073 	1.6486 	0.0556
64 	0 	0 	0 	0 	0 	0 	0 	0 	0 	0 	0 	0 	1 	0 	0 	0 	0 	0 	0 	0 	1.0859 	0.4900 	1.6817 	0.0556
65 	0 	0 	0 	0 	0 	0 	0 	0 	0 	0 	0 	0 	0 	0 	1 	0 	0 	0 	0 	0 	1.0715 	0.4735 	1.6694 	0.0556
66 	0 	0 	0 	0 	0 	0 	0 	0 	0 	0 	0 	0 	1 	0 	0 	0 	0 	0 	0 	0 	1.0859 	0.4900 	1.6817 	0.0556
67 	0 	0 	0 	0 	0 	0 	0 	0 	0 	0 	0 	0 	0 	0 	1 	0 	0 	0 	0 	0 	1.0715 	0.4735 	1.6694 	0.0556
68 	0 	0 	0 	0 	0 	0 	0 	0 	0 	0 	0 	0 	0 	0 	0 	0 	1 	0 	0 	0 	1.0693 	0.4708 	1.6678 	0.0556
69 	0 	0 	0 	0 	0 	0 	1 	0 	0 	0 	0 	0 	0 	0 	0 	0 	0 	0 	0 	0 	1.2081 	0.5622 	1.8540 	0.0556
70 	0 	0 	0 	0 	0 	0 	0 	0 	0 	0 	0 	0 	1 	0 	0 	0 	0 	0 	0 	0 	1.0859 	0.4900 	1.6817 	0.0556
71 	0 	0 	0 	1 	0 	0 	0 	0 	0 	0 	0 	0 	0 	0 	0 	0 	0 	0 	0 	0 	1.0609 	0.4598 	1.6620 	0.0556
72 	0 	0 	0 	0 	0 	0 	0 	0 	0 	0 	0 	0 	0 	0 	0 	0 	0 	1 	0 	0 	1.0532 	0.4490 	1.6574 	0.0556
73 	0 	0 	0 	0 	0 	0 	0 	0 	0 	0 	0 	0 	0 	0 	1 	0 	0 	0 	0 	0 	1.0715 	0.4735 	1.6694 	0.0556
74 	0 	0 	0 	0 	0 	0 	0 	0 	0 	0 	0 	0 	0 	1 	0 	0 	0 	0 	0 	0 	1.1189 	0.5202 	1.7177 	0.0556
75 	0 	0 	0 	0 	0 	0 	0 	0 	0 	0 	0 	0 	0 	0 	1 	0 	0 	0 	0 	0 	1.0715 	0.4735 	1.6694 	0.0556
76 	0 	0 	0 	0 	0 	1 	0 	0 	0 	0 	0 	0 	0 	0 	0 	0 	0 	0 	0 	0 	1.0429 	0.4331 	1.6526 	0.0556
77 	0 	0 	0 	0 	0 	0 	0 	0 	0 	0 	0 	0 	0 	0 	1 	0 	0 	0 	0 	0 	1.0715 	0.4735 	1.6694 	0.0556
78 	0 	0 	0 	0 	0 	1 	0 	0 	0 	0 	0 	0 	0 	0 	0 	0 	0 	0 	0 	0 	1.0429 	0.4331 	1.6526 	0.0556
79 	0 	0 	0 	0 	0 	0 	0 	0 	0 	1 	0 	0 	0 	0 	0 	0 	0 	0 	0 	0 	1.0177 	0.3875 	1.6480 	0.0556
80 	0 	0 	0 	0 	0 	0 	0 	0 	0 	0 	0 	0 	1 	0 	0 	0 	0 	0 	0 	0 	1.0859 	0.4900 	1.6817 	0.0556
81 	0 	0 	0 	0 	0 	1 	0 	0 	0 	0 	0 	0 	0 	0 	0 	0 	0 	0 	0 	0 	1.0429 	0.4331 	1.6526 	0.0556
82 	0 	0 	0 	0 	0 	0 	0 	0 	1 	0 	0 	0 	0 	0 	0 	0 	0 	0 	0 	0 	1.0715 	0.4735 	1.6694 	0.0556
83 	0 	0 	0 	0 	0 	0 	0 	0 	0 	0 	0 	0 	0 	0 	1 	0 	0 	0 	0 	0 	1.0715 	0.4735 	1.6694 	0.0556
84 	0 	0 	0 	0 	0 	1 	0 	0 	0 	0 	0 	0 	0 	0 	0 	0 	0 	0 	0 	0 	1.0429 	0.4331 	1.6526 	0.0556
85 	1 	0 	0 	0 	0 	0 	0 	0 	0 	0 	0 	0 	0 	0 	0 	0 	0 	0 	0 	0 	1.0279 	0.4073 	1.6486 	0.0556
86 	1 	0 	0 	0 	0 	0 	0 	0 	0 	0 	0 	0 	0 	0 	0 	0 	0 	0 	0 	0 	1.0279 	0.4073 	1.6486 	0.0556
87 	0 	0 	0 	0 	0 	0 	0 	0 	0 	1 	0 	0 	0 	0 	0 	0 	0 	0 	0 	0 	1.0177 	0.3875 	1.6480 	0.0556
88 	0 	0 	0 	0 	0 	0 	0 	0 	0 	0 	0 	0 	0 	0 	1 	0 	0 	0 	0 	0 	1.0715 	0.4735 	1.6694 	0.0556
89 	0 	0 	0 	0 	0 	0 	0 	0 	0 	0 	0 	0 	0 	1 	0 	0 	0 	0 	0 	0 	1.1189 	0.5202 	1.7177 	0.0556
90 	0 	0 	0 	0 	0 	0 	0 	0 	0 	0 	0 	0 	0 	0 	0 	0 	0 	1 	0 	0 	1.0532 	0.4490 	1.6574 	0.0556
91 	1 	0 	0 	0 	0 	0 	0 	0 	0 	0 	0 	0 	0 	0 	0 	0 	0 	0 	0 	0 	1.0279 	0.4073 	1.6486 	0.0556
92 	0 	0 	0 	0 	0 	1 	0 	0 	0 	0 	0 	0 	0 	0 	0 	0 	0 	0 	0 	0 	1.0429 	0.4331 	1.6526 	0.0556
93 	0 	0 	0 	0 	0 	0 	0 	0 	0 	0 	0 	0 	0 	0 	1 	0 	0 	0 	0 	0 	1.0715 	0.4735 	1.6694 	0.0556
94 	0 	0 	0 	0 	0 	0 	0 	0 	0 	0 	0 	0 	1 	0 	0 	0 	0 	0 	0 	0 	1.0859 	0.4900 	1.6817 	0.0556
95 	1 	0 	0 	0 	0 	0 	0 	0 	0 	0 	0 	0 	0 	0 	0 	0 	0 	0 	0 	0 	1.0279 	0.4073 	1.6486 	0.0556
96 	0 	0 	0 	0 	0 	0 	0 	0 	0 	0 	0 	0 	0 	0 	1 	0 	0 	0 	0 	0 	1.0715 	0.4735 	1.6694 	0.0556
97 	0 	0 	0 	0 	0 	1 	0 	0 	0 	0 	0 	0 	0 	0 	0 	0 	0 	0 	0 	0 	1.0429 	0.4331 	1.6526 	0.0556
98 	0 	0 	0 	0 	0 	0 	0 	0 	0 	0 	0 	0 	1 	0 	0 	0 	0 	0 	0 	0 	1.0859 	0.4900 	1.6817 	0.0556
99 	0 	0 	0 	0 	0 	1 	0 	0 	0 	0 	0 	0 	0 	0 	0 	0 	0 	0 	0 	0 	1.0429 	0.4331 	1.6526 	0.0556
100 	0 	0 	0 	0 	0 	0 	0 	0 	0 	0 	0 	0 	0 	0 	1 	0 	0 	0 	0 	0 	1.0715 	0.4735 	1.6694 	0.0556
101 	0 	0 	0 	0 	0 	0 	0 	0 	0 	0 	0 	0 	0 	0 	1 	0 	0 	0 	0 	0 	1.0715 	0.4735 	1.6694 	0.0556
102 	0 	0 	0 	0 	0 	0 	0 	0 	0 	0 	0 	0 	0 	0 	0 	0 	1 	0 	0 	0 	1.0693 	0.4708 	1.6678 	0.0556
103 	1 	0 	0 	0 	0 	0 	0 	0 	0 	0 	0 	0 	0 	0 	0 	0 	0 	0 	0 	0 	1.0279 	0.4073 	1.6486 	0.0556
104 	1 	0 	0 	0 	0 	0 	0 	0 	0 	0 	0 	0 	0 	0 	0 	0 	0 	0 	0 	0 	1.0279 	0.4073 	1.6486 	0.0556
105 	0 	0 	0 	0 	0 	0 	0 	0 	0 	0 	0 	0 	0 	0 	1 	0 	0 	0 	0 	0 	1.0715 	0.4735 	1.6694 	0.0556
106 	0 	0 	0 	0 	0 	0 	0 	0 	0 	0 	0 	0 	0 	0 	0 	1 	0 	0 	0 	0 	1.0479 	0.4410 	1.6548 	0.0556
107 	0 	0 	0 	0 	0 	0 	0 	0 	0 	0 	0 	0 	1 	0 	0 	0 	0 	0 	0 	0 	1.0859 	0.4900 	1.6817 	0.0556
108 	1 	0 	0 	0 	0 	0 	0 	0 	0 	0 	0 	0 	0 	0 	0 	0 	0 	0 	0 	0 	1.0279 	0.4073 	1.6486 	0.0556
109 	0 	0 	0 	0 	0 	0 	0 	0 	0 	0 	0 	0 	1 	0 	0 	0 	0 	0 	0 	0 	1.0859 	0.4900 	1.6817 	0.0556
110 	0 	0 	0 	0 	0 	0 	0 	0 	0 	0 	0 	0 	0 	0 	1 	0 	0 	0 	0 	0 	1.0715 	0.4735 	1.6694 	0.0556
111 	0 	0 	0 	0 	0 	0 	0 	0 	0 	0 	0 	0 	0 	0 	0 	1 	0 	0 	0 	0 	1.0479 	0.4410 	1.6548 	0.0556
112 	0 	0 	0 	0 	0 	0 	0 	0 	0 	0 	0 	0 	0 	0 	0 	1 	0 	0 	0 	0 	1.0479 	0.4410 	1.6548 	0.0556
113 	0 	0 	0 	0 	0 	0 	0 	0 	0 	1 	0 	0 	0 	0 	0 	0 	0 	0 	0 	0 	1.0177 	0.3875 	1.6480 	0.0556
114 	0 	0 	0 	0 	0 	0 	0 	0 	0 	0 	0 	0 	1 	0 	0 	0 	0 	0 	0 	0 	1.0859 	0.4900 	1.6817 	0.0556
115 	0 	0 	0 	0 	0 	1 	0 	0 	0 	0 	0 	0 	0 	0 	0 	0 	0 	0 	0 	0 	1.0429 	0.4331 	1.6526 	0.0556
116 	0 	0 	0 	0 	0 	0 	0 	0 	0 	0 	0 	0 	0 	0 	0 	1 	0 	0 	0 	0 	1.0479 	0.4410 	1.6548 	0.0556
117 	1 	0 	0 	0 	0 	0 	0 	0 	0 	0 	0 	0 	0 	0 	0 	0 	0 	0 	0 	0 	1.0279 	0.4073 	1.6486 	0.0556
118 	0 	0 	0 	0 	0 	1 	0 	0 	0 	0 	0 	0 	0 	0 	0 	0 	0 	0 	0 	0 	1.0429 	0.4331 	1.6526 	0.0556
119 	1 	0 	0 	0 	0 	0 	0 	0 	0 	0 	0 	0 	0 	0 	0 	0 	0 	0 	0 	0 	1.0279 	0.4073 	1.6486 	0.0556
120 	0 	0 	0 	0 	0 	0 	0 	0 	0 	0 	0 	1 	0 	0 	0 	0 	0 	0 	0 	0 	1.1057 	0.5093 	1.7021 	0.0556
121 	0 	0 	0 	0 	0 	1 	0 	0 	0 	0 	0 	0 	0 	0 	0 	0 	0 	0 	0 	0 	1.0429 	0.4331 	1.6526 	0.0556
122 	0 	0 	0 	0 	0 	0 	0 	0 	0 	0 	0 	0 	0 	0 	1 	0 	0 	0 	0 	0 	1.0715 	0.4735 	1.6694 	0.0556
123 	1 	0 	0 	0 	0 	0 	0 	0 	0 	0 	0 	0 	0 	0 	0 	0 	0 	0 	0 	0 	1.0279 	0.4073 	1.6486 	0.0556
124 	0 	1 	0 	0 	0 	0 	0 	0 	0 	0 	0 	0 	0 	0 	0 	0 	0 	0 	0 	0 	1.2492 	0.5685 	1.9300 	0.0556
125 	0 	0 	0 	0 	0 	0 	0 	0 	0 	0 	0 	0 	1 	0 	0 	0 	0 	0 	0 	0 	1.0859 	0.4900 	1.6817 	0.0556
126 	0 	0 	0 	0 	0 	0 	0 	0 	0 	0 	0 	0 	0 	0 	1 	0 	0 	0 	0 	0 	1.0715 	0.4735 	1.6694 	0.0556
127 	0 	0 	0 	0 	0 	0 	0 	0 	0 	0 	0 	0 	0 	0 	0 	1 	0 	0 	0 	0 	1.0479 	0.4410 	1.6548 	0.0556
128 	0 	0 	0 	0 	0 	0 	0 	0 	0 	0 	0 	0 	0 	0 	1 	0 	0 	0 	0 	0 	1.0715 	0.4735 	1.6694 	0.0556
129 	1 	0 	0 	0 	0 	0 	0 	0 	0 	0 	0 	0 	0 	0 	0 	0 	0 	0 	0 	0 	1.0279 	0.4073 	1.6486 	0.0556
130 	1 	0 	0 	0 	0 	0 	0 	0 	0 	0 	0 	0 	0 	0 	0 	0 	0 	0 	0 	0 	1.0279 	0.4073 	1.6486 	0.0556
131 	1 	0 	0 	0 	0 	0 	0 	0 	0 	0 	0 	0 	0 	0 	0 	0 	0 	0 	0 	0 	1.0279 	0.4073 	1.6486 	0.0556
132 	0 	0 	0 	0 	0 	0 	0 	0 	0 	0 	0 	0 	0 	0 	1 	0 	0 	0 	0 	0 	1.0715 	0.4735 	1.6694 	0.0556
133 	0 	0 	0 	0 	0 	0 	0 	0 	0 	0 	0 	0 	0 	1 	0 	0 	0 	0 	0 	0 	1.1189 	0.5202 	1.7177 	0.0556
134 	0 	0 	0 	0 	0 	0 	0 	0 	0 	0 	0 	0 	1 	0 	0 	0 	0 	0 	0 	0 	1.0859 	0.4900 	1.6817 	0.0556
135 	0 	0 	0 	0 	0 	0 	0 	0 	0 	0 	0 	0 	1 	0 	0 	0 	0 	0 	0 	0 	1.0859 	0.4900 	1.6817 	0.0556
136 	0 	0 	0 	0 	0 	0 	0 	0 	0 	0 	0 	0 	0 	0 	1 	0 	0 	0 	0 	0 	1.0715 	0.4735 	1.6694 	0.0556
137 	0 	1 	0 	0 	0 	0 	0 	0 	0 	0 	0 	0 	0 	0 	0 	0 	0 	0 	0 	0 	1.2492 	0.5685 	1.9300 	0.0556
138 	0 	0 	0 	0 	0 	1 	0 	0 	0 	0 	0 	0 	0 	0 	0 	0 	0 	0 	0 	0 	1.0429 	0.4331 	1.6526 	0.0556
139 	0 	0 	0 	0 	0 	0 	0 	0 	0 	0 	0 	0 	1 	0 	0 	0 	0 	0 	0 	0 	1.0859 	0.4900 	1.6817 	0.0556
140 	0 	0 	0 	0 	0 	0 	0 	0 	0 	1 	0 	0 	0 	0 	0 	0 	0 	0 	0 	0 	1.0177 	0.3875 	1.6480 	0.0556
141 	0 	0 	0 	0 	0 	1 	0 	0 	0 	0 	0 	0 	0 	0 	0 	0 	0 	0 	0 	0 	1.0429 	0.4331 	1.6526 	0.0556
142 	0 	0 	0 	0 	0 	0 	0 	0 	0 	0 	0 	0 	1 	0 	0 	0 	0 	0 	0 	0 	1.0859 	0.4900 	1.6817 	0.0556
143 	0 	0 	0 	0 	0 	0 	0 	0 	0 	1 	0 	0 	0 	0 	0 	0 	0 	0 	0 	0 	1.0177 	0.3875 	1.6480 	0.0556
144 	0 	0 	0 	0 	0 	0 	1 	0 	0 	0 	0 	0 	0 	0 	0 	0 	0 	0 	0 	0 	1.2081 	0.5622 	1.8540 	0.0556
145 	0 	0 	0 	0 	0 	0 	0 	0 	0 	0 	0 	0 	1 	0 	0 	0 	0 	0 	0 	0 	1.0859 	0.4900 	1.6817 	0.0556
146 	0 	0 	0 	0 	0 	0 	0 	0 	0 	0 	0 	0 	1 	0 	0 	0 	0 	0 	0 	0 	1.0859 	0.4900 	1.6817 	0.0556
147 	0 	0 	0 	0 	0 	0 	0 	0 	0 	0 	0 	0 	1 	0 	0 	0 	0 	0 	0 	0 	1.0859 	0.4900 	1.6817 	0.0556
148 	0 	0 	0 	0 	0 	0 	0 	0 	0 	0 	0 	0 	0 	0 	1 	0 	0 	0 	0 	0 	1.0715 	0.4735 	1.6694 	0.0556
149 	0 	0 	1 	0 	0 	0 	0 	0 	0 	0 	0 	0 	0 	0 	0 	0 	0 	0 	0 	0 	1.0808 	0.4845 	1.6771 	0.0556
150 	0 	0 	0 	0 	0 	0 	0 	0 	0 	0 	0 	0 	1 	0 	0 	0 	0 	0 	0 	0 	1.0859 	0.4900 	1.6817 	0.0556
151 	1 	0 	0 	0 	0 	0 	0 	0 	0 	0 	0 	0 	0 	0 	0 	0 	0 	0 	0 	0 	1.0279 	0.4073 	1.6486 	0.0556
152 	0 	0 	0 	0 	0 	1 	0 	0 	0 	0 	0 	0 	0 	0 	0 	0 	0 	0 	0 	0 	1.0429 	0.4331 	1.6526 	0.0556
153 	0 	0 	0 	0 	0 	0 	0 	0 	0 	0 	0 	0 	1 	0 	0 	0 	0 	0 	0 	0 	1.0859 	0.4900 	1.6817 	0.0556
154 	0 	0 	0 	0 	0 	0 	0 	0 	0 	0 	0 	0 	0 	0 	0 	1 	0 	0 	0 	0 	1.0479 	0.4410 	1.6548 	0.0556
155 	0 	0 	0 	0 	0 	0 	0 	0 	0 	0 	0 	0 	0 	1 	0 	0 	0 	0 	0 	0 	1.1189 	0.5202 	1.7177 	0.0556
156 	0 	0 	0 	0 	0 	1 	0 	0 	0 	0 	0 	0 	0 	0 	0 	0 	0 	0 	0 	0 	1.0429 	0.4331 	1.6526 	0.0556
157 	0 	0 	0 	0 	0 	0 	0 	0 	0 	1 	0 	0 	0 	0 	0 	0 	0 	0 	0 	0 	1.0177 	0.3875 	1.6480 	0.0556
158 	1 	0 	0 	0 	0 	0 	0 	0 	0 	0 	0 	0 	0 	0 	0 	0 	0 	0 	0 	0 	1.0279 	0.4073 	1.6486 	0.0556
159 	0 	0 	0 	0 	0 	0 	0 	0 	0 	1 	0 	0 	0 	0 	0 	0 	0 	0 	0 	0 	1.0177 	0.3875 	1.6480 	0.0556
160 	0 	0 	0 	0 	0 	0 	0 	0 	0 	0 	0 	0 	0 	0 	0 	0 	1 	0 	0 	0 	1.0693 	0.4708 	1.6678 	0.0556
161 	0 	0 	0 	0 	0 	0 	0 	0 	0 	0 	0 	0 	0 	0 	1 	0 	0 	0 	0 	0 	1.0715 	0.4735 	1.6694 	0.0556
162 	0 	0 	0 	0 	0 	0 	0 	0 	0 	0 	0 	0 	0 	0 	1 	0 	0 	0 	0 	0 	1.0715 	0.4735 	1.6694 	0.0556
163 	0 	0 	0 	0 	0 	0 	0 	0 	0 	0 	0 	0 	1 	0 	0 	0 	0 	0 	0 	0 	1.0859 	0.4900 	1.6817 	0.0556
164 	0 	0 	0 	0 	0 	0 	0 	0 	0 	1 	0 	0 	0 	0 	0 	0 	0 	0 	0 	0 	1.0177 	0.3875 	1.6480 	0.0556
165 	0 	0 	0 	0 	0 	0 	0 	0 	0 	0 	0 	0 	1 	0 	0 	0 	0 	0 	0 	0 	1.0859 	0.4900 	1.6817 	0.0556
166 	1 	0 	0 	0 	0 	0 	0 	0 	0 	0 	0 	0 	0 	0 	0 	0 	0 	0 	0 	0 	1.0279 	0.4073 	1.6486 	0.0556
167 	0 	0 	0 	0 	0 	0 	0 	0 	1 	2 	13 	0 	0 	0 	0 	0 	0 	0 	0 	0 	2.1253 	1.5717 	2.6789 	0.8889
168 	0 	0 	0 	0 	0 	0 	0 	0 	13 	0 	1 	1 	0 	2 	0 	0 	0 	0 	0 	0 	1.6071 	1.0907 	2.1234 	0.9444
169 	0 	0 	0 	1 	0 	0 	0 	1 	0 	0 	0 	0 	0 	0 	0 	0 	15 	0 	0 	0 	1.7603 	1.2304 	2.2903 	0.9444
170 	2 	0 	0 	0 	0 	0 	1 	0 	0 	0 	0 	0 	13 	1 	0 	0 	0 	0 	0 	0 	1.6250 	1.1101 	2.1400 	0.9444
171 	0 	0 	0 	0 	0 	0 	0 	0 	1 	0 	0 	0 	0 	0 	0 	0 	0 	0 	16 	0 	2.9756 	2.3781 	3.5731 	0.9444
172 	0 	0 	0 	1 	0 	0 	0 	0 	13 	0 	0 	1 	0 	0 	2 	0 	0 	0 	0 	0 	1.5465 	1.0437 	2.0492 	0.9444
173 	0 	0 	0 	0 	0 	0 	0 	0 	0 	0 	0 	0 	1 	0 	0 	0 	0 	16 	0 	1 	1.7303 	1.2012 	2.2594 	1.0000
174 	0 	0 	0 	0 	0 	0 	0 	0 	0 	15 	1 	0 	0 	0 	0 	0 	0 	2 	0 	0 	1.4463 	0.9237 	1.9689 	1.0000
175 	0 	0 	0 	0 	1 	0 	0 	0 	0 	16 	0 	0 	0 	0 	0 	0 	1 	0 	0 	0 	1.5154 	0.9835 	2.0473 	1.0000
176 	0 	0 	0 	0 	0 	15 	0 	0 	0 	2 	0 	0 	0 	0 	0 	1 	0 	0 	0 	0 	1.5273 	1.0263 	2.0282 	1.0000
177 	0 	0 	0 	0 	0 	0 	0 	0 	0 	18 	0 	0 	0 	0 	0 	0 	0 	0 	0 	0 	1.7368 	1.2164 	2.2572 	1.0000
178 	0 	0 	0 	0 	0 	0 	0 	0 	0 	18 	0 	0 	0 	0 	0 	0 	0 	0 	0 	0 	1.7368 	1.2164 	2.2572 	1.0000
179 	3 	0 	0 	0 	0 	13 	0 	0 	0 	1 	0 	0 	0 	0 	0 	0 	0 	0 	0 	0 	1.4135 	0.9293 	1.8977 	0.9444
180 	8 	0 	0 	0 	2 	0 	0 	3 	0 	2 	0 	0 	0 	0 	0 	0 	0 	2 	0 	0 	0.9839 	0.5910 	1.3769 	0.9444
181 	15 	0 	0 	0 	0 	0 	0 	0 	0 	1 	0 	0 	0 	0 	0 	1 	0 	0 	0 	1 	1.4481 	0.9246 	1.9716 	1.0000
182 	12 	0 	0 	0 	0 	0 	0 	0 	1 	1 	0 	0 	0 	1 	0 	0 	0 	3 	0 	0 	1.1890 	0.7208 	1.6571 	1.0000
183 	0 	0 	0 	0 	0 	0 	0 	0 	0 	16 	0 	0 	0 	0 	0 	2 	0 	0 	0 	0 	1.5260 	1.0158 	2.0362 	1.0000
184 	0 	0 	0 	1 	0 	1 	0 	1 	0 	0 	0 	0 	0 	0 	0 	0 	0 	15 	0 	0 	1.5746 	1.0588 	2.0905 	1.0000
185 	0 	0 	0 	0 	0 	0 	0 	1 	0 	0 	1 	0 	0 	1 	0 	0 	15 	0 	0 	0 	1.7062 	1.1768 	2.2356 	1.0000
186 	0 	0 	0 	0 	0 	1 	0 	8 	0 	0 	1 	0 	0 	0 	0 	0 	1 	7 	0 	0 	1.2737 	0.8599 	1.6875 	1.0000
187 	0 	0 	0 	1 	0 	0 	0 	16 	1 	0 	0 	0 	0 	0 	0 	0 	0 	0 	0 	0 	1.8643 	1.3430 	2.3856 	1.0000
188 	0 	0 	0 	0 	0 	0 	1 	0 	0 	0 	0 	0 	1 	0 	0 	0 	16 	0 	0 	0 	1.8304 	1.2972 	2.3635 	1.0000
189 	0 	0 	0 	1 	0 	0 	0 	0 	0 	2 	0 	0 	0 	0 	0 	0 	0 	15 	0 	0 	1.5843 	1.0827 	2.0859 	1.0000
190 	0 	0 	1 	0 	1 	0 	0 	0 	0 	0 	0 	0 	15 	0 	0 	1 	0 	0 	0 	0 	1.7515 	1.2319 	2.2711 	1.0000
191 	2 	0 	1 	0 	1 	0 	0 	2 	0 	0 	0 	0 	0 	0 	0 	0 	0 	12 	0 	0 	1.2891 	0.8216 	1.7565 	1.0000
192 	0 	0 	0 	0 	0 	0 	0 	0 	0 	1 	0 	0 	0 	0 	0 	0 	0 	16 	0 	1 	1.7137 	1.1882 	2.2392 	1.0000
193 	0 	0 	0 	0 	0 	0 	0 	1 	0 	15 	0 	0 	0 	0 	0 	1 	0 	1 	0 	0 	1.3836 	0.8622 	1.9049 	1.0000
194 	0 	0 	0 	0 	1 	0 	0 	0 	1 	15 	0 	1 	0 	0 	0 	0 	0 	0 	0 	0 	1.4116 	0.8801 	1.9431 	1.0000
195 	0 	0 	0 	0 	0 	0 	0 	0 	0 	0 	0 	12 	0 	0 	0 	2 	4 	0 	0 	0 	1.6020 	1.1567 	2.0473 	1.0000
196 	0 	0 	0 	0 	0 	0 	0 	0 	16 	1 	0 	0 	0 	0 	1 	0 	0 	0 	0 	0 	1.7922 	1.2730 	2.3113 	1.0000
197 	0 	0 	4 	0 	0 	14 	0 	0 	0 	0 	0 	0 	0 	0 	0 	0 	0 	0 	0 	0 	1.5786 	1.1064 	2.0508 	1.0000
198 	0 	0 	0 	0 	0 	0 	0 	0 	0 	0 	0 	0 	0 	0 	0 	0 	0 	0 	0 	1 	1.1510 	0.5409 	1.7611 	0.0556
199 	0 	0 	0 	0 	0 	0 	0 	0 	0 	0 	0 	0 	0 	0 	0 	1 	0 	0 	0 	0 	1.0479 	0.4410 	1.6548 	0.0556
200 	0 	0 	0 	0 	0 	0 	0 	1 	0 	0 	0 	0 	0 	0 	0 	0 	0 	0 	0 	0 	1.0833 	0.4873 	1.6794 	0.0556
201 	0 	0 	0 	0 	0 	0 	0 	0 	0 	1 	0 	0 	0 	0 	0 	0 	0 	0 	0 	0 	1.0177 	0.3875 	1.6480 	0.0556
202 	0 	0 	0 	0 	0 	0 	0 	0 	0 	1 	0 	0 	0 	0 	0 	0 	0 	0 	0 	0 	1.0177 	0.3875 	1.6480 	0.0556
203 	0 	0 	0 	0 	0 	0 	0 	0 	0 	0 	0 	1 	0 	0 	0 	0 	0 	0 	0 	0 	1.1057 	0.5093 	1.7021 	0.0556
204 	0 	0 	0 	0 	0 	0 	0 	1 	0 	0 	0 	0 	0 	0 	0 	0 	0 	0 	0 	0 	1.0833 	0.4873 	1.6794 	0.0556
205 	0 	0 	0 	0 	0 	0 	0 	0 	0 	0 	0 	0 	0 	0 	0 	0 	0 	0 	1 	0 	1.2934 	0.5691 	2.0176 	0.0556
206 	0 	0 	0 	0 	0 	0 	0 	0 	0 	1 	0 	0 	0 	0 	0 	0 	0 	0 	0 	0 	1.0177 	0.3875 	1.6480 	0.0556
207 	0 	0 	0 	0 	1 	0 	0 	0 	0 	0 	0 	0 	0 	0 	0 	0 	0 	0 	0 	0 	1.1225 	0.5228 	1.7221 	0.0556
208 	0 	0 	0 	0 	1 	0 	0 	0 	0 	0 	0 	0 	0 	0 	0 	0 	0 	0 	0 	0 	1.1225 	0.5228 	1.7221 	0.0556
209 	0 	0 	0 	0 	0 	0 	0 	0 	0 	0 	0 	0 	0 	1 	0 	0 	0 	0 	0 	0 	1.1189 	0.5202 	1.7177 	0.0556
210 	0 	0 	0 	0 	0 	0 	0 	0 	0 	0 	0 	0 	1 	0 	0 	0 	0 	0 	0 	0 	1.0859 	0.4900 	1.6817 	0.0556
211 	1 	0 	0 	0 	0 	0 	0 	0 	0 	0 	0 	1 	0 	0 	0 	0 	8 	0 	0 	0 	1.4398 	0.8626 	2.0170 	0.5556
212 	1 	0 	10 	0 	0 	0 	0 	0 	0 	0 	0 	5 	0 	0 	0 	0 	0 	0 	0 	0 	1.5420 	1.0900 	1.9939 	0.8889
213 	0 	0 	16 	1 	0 	0 	0 	0 	0 	0 	0 	0 	0 	0 	0 	1 	0 	0 	0 	0 	1.8458 	1.3257 	2.3659 	1.0000
214 	17 	0 	0 	0 	0 	0 	0 	0 	0 	1 	0 	0 	0 	0 	0 	0 	0 	0 	0 	0 	1.6706 	1.1506 	2.1905 	1.0000
215 	3 	0 	0 	0 	1 	0 	0 	0 	0 	0 	0 	0 	0 	0 	0 	3 	11 	0 	0 	0 	1.3006 	0.8691 	1.7321 	1.0000
216 	14 	0 	0 	0 	0 	0 	0 	0 	0 	0 	0 	0 	0 	0 	0 	1 	3 	0 	0 	0 	1.4168 	0.9302 	1.9033 	1.0000
217 	0 	0 	17 	0 	0 	0 	0 	1 	0 	0 	0 	0 	0 	0 	0 	0 	0 	0 	0 	0 	1.9955 	1.4726 	2.5183 	1.0000
218 	0 	0 	0 	0 	0 	3 	0 	0 	0 	0 	0 	0 	0 	0 	0 	14 	1 	0 	0 	0 	1.4975 	1.0149 	1.9801 	1.0000
219 	0 	0 	0 	0 	0 	0 	0 	0 	1 	0 	0 	0 	0 	0 	17 	0 	0 	0 	0 	0 	1.9406 	1.4188 	2.4623 	1.0000
220 	0 	0 	0 	0 	0 	0 	0 	0 	10 	0 	0 	0 	0 	1 	7 	0 	0 	0 	0 	0 	1.4914 	1.0694 	1.9133 	1.0000
221 	0 	0 	0 	0 	0 	0 	0 	0 	0 	0 	0 	0 	0 	1 	0 	0 	17 	0 	0 	0 	1.9397 	1.4147 	2.4647 	1.0000
222 	0 	0 	0 	0 	0 	0 	0 	0 	0 	1 	0 	0 	0 	0 	0 	0 	0 	0 	0 	17 	2.3449 	1.8115 	2.8783 	1.0000
223 	0 	0 	0 	0 	0 	1 	0 	0 	0 	1 	0 	0 	0 	0 	0 	1 	15 	0 	0 	0 	1.6360 	1.1239 	2.1482 	1.0000
224 	1 	0 	0 	0 	0 	0 	0 	0 	0 	17 	0 	0 	0 	0 	0 	0 	0 	0 	0 	0 	1.6083 	1.0861 	2.1304 	1.0000
225 	5 	0 	0 	0 	0 	1 	0 	0 	0 	0 	0 	0 	0 	0 	0 	0 	12 	0 	0 	0 	1.4481 	1.0038 	1.8924 	1.0000
226 	0 	0 	17 	0 	0 	0 	0 	0 	0 	0 	0 	0 	0 	0 	0 	1 	0 	0 	0 	0 	1.9868 	1.4658 	2.5079 	1.0000
227 	0 	0 	0 	0 	0 	0 	0 	1 	0 	0 	0 	0 	0 	0 	0 	0 	0 	0 	0 	17 	2.3608 	1.8277 	2.8940 	1.0000
228 	0 	0 	0 	1 	0 	0 	0 	0 	0 	17 	0 	0 	0 	0 	0 	0 	0 	0 	0 	0 	1.6163 	1.0912 	2.1414 	1.0000
229 	0 	0 	0 	1 	0 	0 	0 	0 	17 	0 	0 	0 	0 	0 	0 	0 	0 	0 	0 	0 	1.9380 	1.4168 	2.4591 	1.0000
230 	0 	1 	0 	0 	0 	0 	0 	0 	0 	0 	0 	16 	0 	0 	0 	1 	0 	0 	0 	0 	2.0174 	1.4815 	2.5532 	1.0000
231 	1 	0 	0 	0 	0 	0 	0 	0 	0 	0 	0 	0 	0 	0 	0 	0 	17 	0 	0 	0 	1.9175 	1.3980 	2.4371 	1.0000
232 	1 	0 	0 	0 	7 	0 	0 	0 	0 	0 	0 	0 	0 	0 	0 	0 	0 	0 	0 	10 	1.8169 	1.3849 	2.2489 	1.0000
233 	0 	0 	0 	0 	0 	0 	0 	0 	1 	0 	0 	0 	0 	0 	17 	0 	0 	0 	0 	0 	1.9406 	1.4188 	2.4623 	1.0000
234 	0 	1 	0 	0 	0 	0 	0 	0 	0 	10 	4 	0 	0 	0 	0 	0 	0 	3 	0 	0 	1.2905 	0.8206 	1.7604 	1.0000
235 	0 	0 	0 	1 	0 	0 	0 	0 	17 	0 	0 	0 	0 	0 	0 	0 	0 	0 	0 	0 	1.9380 	1.4168 	2.4591 	1.0000
236 	0 	0 	0 	1 	5 	0 	0 	0 	0 	8 	0 	0 	0 	0 	0 	4 	0 	0 	0 	0 	1.1393 	0.7466 	1.5320 	1.0000
237 	0 	0 	0 	1 	0 	0 	0 	0 	0 	0 	0 	0 	0 	0 	0 	0 	0 	0 	0 	17 	2.3554 	1.8225 	2.8883 	1.0000
238 	0 	0 	0 	1 	0 	0 	0 	0 	0 	0 	0 	3 	0 	0 	0 	14 	0 	0 	0 	0 	1.5495 	1.0607 	2.0383 	1.0000
239 	0 	0 	0 	1 	0 	0 	0 	0 	0 	17 	0 	0 	0 	0 	0 	0 	0 	0 	0 	0 	1.6163 	1.0912 	2.1414 	1.0000
240 	0 	0 	0 	0 	1 	0 	0 	0 	0 	0 	0 	0 	0 	0 	15 	1 	0 	0 	1 	0 	1.7334 	1.1944 	2.2725 	1.0000
241 	0 	0 	0 	0 	0 	0 	0 	0 	0 	0 	0 	0 	0 	0 	0 	0 	1 	0 	17 	0 	3.0233 	2.4391 	3.6075 	1.0000
242 	0 	1 	0 	0 	0 	0 	0 	12 	0 	1 	0 	0 	0 	0 	0 	0 	0 	4 	0 	0 	1.5068 	1.0380 	1.9755 	1.0000
243 	0 	0 	0 	0 	0 	0 	0 	0 	0 	0 	0 	0 	0 	0 	1 	17 	0 	0 	0 	0 	1.8049 	1.2828 	2.3270 	1.0000
244 	0 	0 	17 	0 	0 	0 	0 	0 	0 	0 	0 	0 	0 	0 	0 	1 	0 	0 	0 	0 	1.9868 	1.4658 	2.5079 	1.0000
245 	0 	0 	0 	0 	2 	0 	14 	0 	0 	0 	0 	0 	0 	1 	0 	0 	0 	0 	0 	1 	2.2037 	1.6748 	2.7326 	1.0000
246 	0 	0 	0 	17 	0 	0 	0 	0 	0 	0 	0 	0 	0 	1 	0 	0 	0 	0 	0 	0 	1.8922 	1.3670 	2.4174 	1.0000
247 	0 	0 	0 	0 	0 	0 	0 	0 	0 	0 	0 	0 	0 	0 	0 	0 	0 	0 	0 	18 	2.5212 	1.9929 	3.0496 	1.0000
248 	0 	0 	0 	0 	0 	0 	1 	0 	0 	17 	0 	0 	0 	0 	0 	0 	0 	0 	0 	0 	1.6521 	1.1103 	2.1939 	1.0000
249 	0 	0 	0 	0 	0 	0 	0 	0 	0 	0 	0 	0 	0 	0 	0 	1 	0 	0 	0 	17 	2.3522 	1.8193 	2.8851 	1.0000
250 	0 	0 	0 	0 	0 	0 	0 	0 	18 	0 	0 	0 	0 	0 	0 	0 	0 	0 	0 	0 	2.0784 	1.5608 	2.5961 	1.0000
251 	0 	0 	0 	1 	0 	0 	0 	0 	0 	0 	0 	0 	0 	17 	0 	0 	0 	0 	0 	0 	2.1929 	1.6667 	2.7191 	1.0000
252 	0 	0 	0 	17 	0 	0 	0 	0 	0 	0 	0 	0 	0 	1 	0 	0 	0 	0 	0 	0 	1.8922 	1.3670 	2.4174 	1.0000
253 	0 	0 	0 	0 	0 	0 	0 	0 	0 	0 	0 	17 	0 	1 	0 	0 	0 	0 	0 	0 	2.1380 	1.6112 	2.6649 	1.0000
254 	0 	1 	0 	0 	0 	0 	0 	0 	0 	0 	0 	17 	0 	0 	0 	0 	0 	0 	0 	0 	2.1698 	1.6327 	2.7068 	1.0000
255 	0 	0 	0 	0 	0 	0 	0 	14 	0 	0 	0 	0 	0 	0 	0 	0 	0 	4 	0 	0 	1.7343 	1.2648 	2.2037 	1.0000
256 	0 	0 	0 	0 	0 	0 	0 	1 	0 	17 	0 	0 	0 	0 	0 	0 	0 	0 	0 	0 	1.6217 	1.0945 	2.1490 	1.0000
257 	0 	0 	0 	0 	0 	0 	0 	0 	0 	10 	1 	0 	0 	0 	0 	0 	0 	7 	0 	0 	1.2864 	0.8474 	1.7254 	1.0000
258 	1 	1 	0 	0 	15 	0 	0 	0 	0 	1 	0 	0 	0 	0 	0 	0 	0 	0 	0 	0 	1.9323 	1.3994 	2.4651 	1.0000
259 	0 	0 	0 	1 	0 	0 	0 	0 	0 	0 	0 	17 	0 	0 	0 	0 	0 	0 	0 	0 	2.1239 	1.5997 	2.6481 	1.0000
260 	17 	0 	0 	0 	0 	0 	0 	0 	0 	0 	0 	1 	0 	0 	0 	0 	0 	0 	0 	0 	1.6920 	1.1645 	2.2195 	1.0000
261 	0 	0 	0 	17 	0 	0 	0 	0 	0 	0 	0 	0 	0 	0 	1 	0 	0 	0 	0 	0 	1.8807 	1.3590 	2.4023 	1.0000
262 	0 	0 	0 	0 	0 	0 	2 	0 	1 	0 	0 	0 	0 	0 	0 	0 	0 	0 	0 	15 	2.1464 	1.6226 	2.6702 	1.0000
263 	0 	0 	0 	0 	0 	17 	0 	0 	0 	0 	0 	0 	0 	0 	0 	1 	0 	0 	0 	0 	1.7691 	1.2484 	2.2899 	1.0000
264 	0 	0 	0 	0 	0 	0 	0 	0 	0 	0 	0 	17 	0 	0 	0 	1 	0 	0 	0 	0 	2.1207 	1.5969 	2.6446 	1.0000
265 	0 	0 	0 	0 	0 	0 	0 	1 	0 	0 	0 	0 	0 	0 	0 	17 	0 	0 	0 	0 	1.8078 	1.2847 	2.3308 	1.0000
266 	0 	0 	0 	0 	0 	0 	0 	0 	0 	0 	0 	0 	0 	0 	0 	17 	0 	1 	0 	0 	1.8005 	1.2797 	2.3213 	1.0000
267 	0 	0 	0 	0 	1 	0 	0 	8 	0 	0 	0 	0 	0 	0 	0 	0 	0 	9 	0 	0 	1.4585 	1.0395 	1.8776 	1.0000
268 	0 	0 	0 	0 	17 	0 	0 	0 	0 	0 	0 	0 	0 	0 	1 	0 	0 	0 	0 	0 	2.2138 	1.6867 	2.7410 	1.0000
269 	0 	0 	0 	0 	0 	0 	0 	0 	0 	17 	1 	0 	0 	0 	0 	0 	0 	0 	0 	0 	1.6488 	1.1088 	2.1889 	1.0000
270 	0 	0 	0 	17 	0 	0 	0 	0 	0 	0 	0 	0 	0 	0 	1 	0 	0 	0 	0 	0 	1.8807 	1.3590 	2.4023 	1.0000
271 	0 	0 	1 	0 	0 	0 	0 	0 	0 	0 	0 	17 	0 	0 	0 	0 	0 	0 	0 	0 	2.1288 	1.6038 	2.6537 	1.0000
272 	0 	0 	0 	0 	0 	0 	0 	0 	0 	0 	0 	0 	0 	0 	0 	17 	0 	1 	0 	0 	1.8005 	1.2797 	2.3213 	1.0000
273 	0 	0 	0 	0 	0 	0 	0 	0 	0 	0 	0 	0 	0 	0 	0 	0 	17 	1 	0 	0 	1.9237 	1.4030 	2.4444 	1.0000
274 	0 	0 	0 	0 	17 	0 	0 	0 	0 	1 	0 	0 	0 	0 	0 	0 	0 	0 	0 	0 	2.2008 	1.6742 	2.7273 	1.0000
275 	0 	0 	12 	5 	1 	0 	0 	0 	0 	0 	0 	0 	0 	0 	0 	0 	0 	0 	0 	0 	1.5646 	1.1165 	2.0126 	1.0000
276 	0 	0 	0 	17 	0 	0 	0 	0 	0 	0 	0 	0 	0 	0 	0 	1 	0 	0 	0 	0 	1.8749 	1.3547 	2.3951 	1.0000
277 	0 	0 	0 	0 	16 	0 	0 	0 	1 	0 	0 	0 	0 	0 	0 	0 	0 	1 	0 	0 	2.0574 	1.5311 	2.5838 	1.0000
278 	0 	0 	0 	2 	0 	15 	0 	0 	1 	0 	0 	0 	0 	0 	0 	0 	0 	0 	0 	0 	1.5571 	1.0521 	2.0622 	1.0000
279 	0 	0 	1 	0 	0 	0 	15 	0 	0 	0 	0 	0 	0 	0 	0 	0 	0 	1 	0 	0 	2.4064 	1.8450 	2.9678 	0.9444
280 	0 	0 	0 	0 	0 	0 	0 	0 	0 	0 	0 	0 	0 	0 	0 	15 	1 	0 	0 	1 	1.6666 	1.1290 	2.2043 	0.9444
281 	0 	0 	0 	0 	0 	0 	0 	15 	0 	1 	0 	0 	0 	0 	0 	0 	0 	1 	0 	0 	1.8134 	1.2856 	2.3412 	0.9444
282 	0 	0 	0 	0 	0 	0 	0 	0 	0 	0 	0 	15 	0 	0 	0 	2 	0 	0 	0 	0 	1.9658 	1.4470 	2.4846 	0.9444
283 	0 	0 	16 	1 	0 	0 	0 	0 	0 	0 	0 	0 	0 	0 	0 	0 	0 	0 	0 	1 	1.8709 	1.3445 	2.3973 	1.0000
284 	0 	1 	0 	0 	0 	0 	1 	0 	0 	0 	0 	0 	0 	0 	0 	0 	0 	0 	0 	16 	2.2738 	1.7278 	2.8199 	1.0000
285 	0 	0 	0 	0 	0 	0 	0 	0 	1 	1 	0 	0 	0 	0 	0 	16 	0 	0 	0 	0 	1.6649 	1.1459 	2.1839 	1.0000
286 	0 	0 	0 	0 	0 	0 	0 	6 	0 	0 	0 	0 	0 	0 	0 	0 	1 	11 	0 	0 	1.4558 	1.0244 	1.8873 	1.0000
287 	0 	0 	0 	0 	0 	1 	0 	0 	0 	0 	0 	0 	0 	0 	0 	17 	0 	0 	0 	0 	1.7979 	1.2778 	2.3180 	1.0000
288 	0 	0 	0 	0 	0 	0 	0 	0 	0 	0 	0 	1 	17 	0 	0 	0 	0 	0 	0 	0 	2.0285 	1.5040 	2.5530 	1.0000
289 	0 	0 	17 	0 	0 	1 	0 	0 	0 	0 	0 	0 	0 	0 	0 	0 	0 	0 	0 	0 	1.9856 	1.4648 	2.5065 	1.0000
290 	0 	0 	0 	0 	0 	12 	0 	0 	1 	0 	0 	0 	0 	0 	5 	0 	0 	0 	0 	0 	1.4175 	0.9708 	1.8642 	1.0000
291 	0 	0 	0 	3 	0 	0 	0 	0 	0 	1 	0 	1 	0 	12 	1 	0 	0 	0 	0 	0 	1.5474 	1.0782 	2.0166 	1.0000
292 	0 	0 	0 	0 	14 	0 	0 	0 	0 	0 	0 	0 	0 	0 	0 	0 	0 	0 	0 	4 	2.0163 	1.5367 	2.4959 	1.0000
293 	0 	0 	0 	0 	0 	0 	0 	15 	0 	0 	0 	0 	0 	0 	1 	0 	0 	2 	0 	0 	1.7558 	1.2516 	2.2600 	1.0000
294 	0 	0 	0 	0 	0 	1 	0 	0 	0 	17 	0 	0 	0 	0 	0 	0 	0 	0 	0 	0 	1.6119 	1.0885 	2.1353 	1.0000
295 	0 	0 	0 	0 	3 	0 	0 	0 	0 	14 	0 	0 	0 	0 	0 	0 	1 	0 	0 	0 	1.4141 	0.9125 	1.9156 	1.0000
296 	0 	0 	0 	17 	0 	0 	0 	0 	0 	0 	1 	0 	0 	0 	0 	0 	0 	0 	0 	0 	1.9106 	1.3783 	2.4430 	1.0000
297 	0 	0 	0 	0 	0 	0 	0 	0 	0 	0 	0 	0 	0 	0 	0 	1 	0 	0 	0 	17 	2.3522 	1.8193 	2.8851 	1.0000
298 	0 	0 	0 	0 	0 	0 	0 	0 	1 	0 	0 	17 	0 	0 	0 	0 	0 	0 	0 	0 	2.1265 	1.6019 	2.6510 	1.0000
299 	0 	0 	0 	0 	0 	0 	0 	0 	0 	0 	0 	0 	0 	0 	0 	0 	1 	0 	0 	0 	1.0693 	0.4708 	1.6678 	0.0556
300 	0 	0 	0 	0 	0 	0 	0 	0 	0 	0 	0 	0 	0 	0 	1 	0 	0 	0 	0 	0 	1.0715 	0.4735 	1.6694 	0.0556
301 	0 	0 	0 	0 	0 	0 	0 	0 	0 	0 	0 	0 	0 	0 	0 	0 	1 	0 	0 	0 	1.0693 	0.4708 	1.6678 	0.0556
302 	0 	0 	0 	0 	0 	1 	0 	0 	0 	0 	0 	0 	0 	0 	0 	0 	0 	0 	0 	0 	1.0429 	0.4331 	1.6526 	0.0556
303 	0 	0 	0 	0 	0 	0 	0 	1 	0 	0 	0 	0 	0 	0 	0 	0 	0 	0 	0 	0 	1.0833 	0.4873 	1.6794 	0.0556
304 	0 	0 	0 	0 	0 	0 	0 	0 	0 	0 	0 	0 	0 	0 	0 	0 	1 	0 	0 	17 	2.3574 	1.8244 	2.8904 	1.0000
305 	0 	1 	0 	0 	0 	0 	0 	0 	0 	0 	1 	0 	0 	0 	0 	0 	0 	16 	0 	0 	1.7807 	1.2320 	2.3294 	1.0000
306 	0 	0 	0 	0 	0 	0 	0 	0 	17 	0 	0 	0 	0 	1 	0 	0 	0 	0 	0 	0 	1.9521 	1.4271 	2.4771 	1.0000
307 	0 	0 	0 	0 	0 	0 	0 	0 	1 	0 	0 	0 	0 	17 	0 	0 	0 	0 	0 	0 	2.1955 	1.6690 	2.7220 	1.0000
308 	0 	0 	0 	0 	0 	0 	0 	0 	0 	0 	0 	0 	0 	0 	0 	0 	0 	0 	18 	0 	3.2270 	2.6532 	3.8007 	1.0000
309 	0 	0 	0 	0 	0 	0 	0 	0 	0 	0 	0 	0 	0 	0 	17 	1 	0 	0 	0 	0 	1.9348 	1.4143 	2.4553 	1.0000
310 	0 	0 	0 	0 	0 	0 	17 	0 	0 	0 	0 	0 	0 	0 	0 	1 	0 	0 	0 	0 	2.6276 	2.0773 	3.1779 	1.0000
311 	0 	0 	0 	0 	0 	0 	0 	0 	0 	0 	0 	0 	0 	0 	0 	17 	1 	0 	0 	0 	1.8044 	1.2824 	2.3263 	1.0000
312 	0 	0 	0 	0 	0 	0 	0 	0 	0 	0 	0 	0 	0 	0 	0 	1 	0 	0 	0 	17 	2.3522 	1.8193 	2.8851 	1.0000
313 	0 	0 	0 	0 	0 	0 	0 	0 	0 	0 	0 	0 	1 	0 	0 	0 	17 	0 	0 	0 	1.9317 	1.4090 	2.4543 	1.0000
314 	17 	0 	0 	0 	0 	0 	1 	0 	0 	0 	0 	0 	0 	0 	0 	0 	0 	0 	0 	0 	1.7169 	1.1778 	2.2560 	1.0000
315 	0 	0 	0 	0 	0 	0 	0 	0 	0 	0 	0 	0 	0 	0 	1 	17 	0 	0 	0 	0 	1.8049 	1.2828 	2.3270 	1.0000
316 	0 	0 	0 	0 	0 	0 	0 	0 	0 	0 	0 	0 	1 	0 	0 	0 	0 	0 	0 	17 	2.3615 	1.8282 	2.8947 	1.0000
317 	0 	0 	15 	0 	0 	0 	0 	0 	1 	0 	0 	1 	0 	0 	0 	0 	1 	0 	0 	0 	1.7261 	1.2075 	2.2448 	1.0000
318 	0 	0 	0 	0 	1 	0 	0 	16 	0 	0 	0 	0 	0 	0 	0 	0 	0 	1 	0 	0 	1.8749 	1.3509 	2.3989 	1.0000
319 	0 	0 	0 	0 	0 	0 	0 	0 	0 	0 	0 	0 	0 	0 	0 	1 	0 	0 	0 	17 	2.3522 	1.8193 	2.8851 	1.0000
320 	0 	0 	17 	0 	0 	0 	0 	0 	0 	0 	0 	0 	1 	0 	0 	0 	0 	0 	0 	0 	1.9961 	1.4731 	2.5191 	1.0000
321 	1 	0 	0 	0 	0 	0 	0 	0 	0 	16 	0 	0 	0 	0 	0 	0 	0 	1 	0 	0 	1.4885 	0.9666 	2.0103 	1.0000
322 	1 	0 	1 	0 	0 	0 	0 	0 	4 	0 	0 	11 	0 	0 	0 	0 	1 	0 	0 	0 	1.4424 	0.9995 	1.8853 	1.0000
323 	0 	0 	0 	0 	0 	0 	1 	0 	17 	0 	0 	0 	0 	0 	0 	0 	0 	0 	0 	0 	1.9738 	1.4407 	2.5069 	1.0000
324 	0 	0 	0 	0 	0 	0 	0 	0 	0 	0 	0 	0 	1 	0 	17 	0 	0 	0 	0 	0 	1.9441 	1.4214 	2.4667 	1.0000
325 	0 	0 	0 	0 	0 	0 	0 	0 	0 	0 	0 	0 	0 	15 	1 	2 	0 	0 	0 	0 	1.9190 	1.4094 	2.4287 	1.0000
326 	0 	0 	0 	1 	0 	0 	0 	0 	0 	16 	0 	0 	0 	0 	0 	0 	0 	1 	0 	0 	1.4965 	0.9720 	2.0210 	1.0000
327 	0 	0 	0 	0 	0 	1 	0 	17 	0 	0 	0 	0 	0 	0 	0 	0 	0 	0 	0 	0 	1.9993 	1.4782 	2.5203 	1.0000
328 	0 	0 	0 	0 	0 	0 	0 	0 	0 	1 	0 	0 	0 	0 	3 	0 	14 	0 	0 	0 	1.6105 	1.1288 	2.0922 	1.0000
329 	1 	0 	0 	17 	0 	0 	0 	0 	0 	0 	0 	0 	0 	0 	0 	0 	0 	0 	0 	0 	1.8701 	1.3509 	2.3893 	1.0000
330 	0 	0 	2 	15 	0 	0 	0 	0 	0 	0 	0 	0 	0 	1 	0 	0 	0 	0 	0 	0 	1.6723 	1.1637 	2.1808 	1.0000
331 	0 	0 	0 	0 	0 	0 	0 	0 	0 	0 	0 	1 	0 	0 	0 	0 	0 	0 	0 	0 	1.1057 	0.5093 	1.7021 	0.0556
332 	0 	0 	0 	0 	0 	0 	0 	0 	0 	0 	0 	0 	0 	0 	0 	0 	0 	0 	0 	1 	1.1510 	0.5409 	1.7611 	0.0556
333 	0 	1 	0 	0 	0 	0 	0 	0 	0 	0 	0 	0 	0 	0 	0 	0 	0 	0 	0 	0 	1.2492 	0.5685 	1.9300 	0.0556
334 	0 	0 	0 	0 	0 	0 	0 	0 	3 	0 	1 	0 	0 	0 	14 	0 	0 	0 	0 	0 	1.6637 	1.1702 	2.1572 	1.0000
335 	0 	0 	0 	0 	0 	0 	0 	17 	0 	0 	0 	1 	0 	0 	0 	0 	0 	0 	0 	0 	2.0146 	1.4902 	2.5389 	1.0000
336 	0 	0 	0 	0 	0 	0 	0 	0 	0 	0 	0 	0 	18 	0 	0 	0 	0 	0 	0 	0 	2.1629 	1.6444 	2.6814 	1.0000
337 	0 	0 	2 	0 	0 	0 	0 	0 	0 	0 	0 	16 	0 	0 	0 	0 	0 	0 	0 	0 	2.0204 	1.5095 	2.5312 	1.0000
338 	0 	0 	0 	0 	0 	0 	0 	0 	0 	0 	0 	18 	0 	0 	0 	0 	0 	0 	0 	0 	2.2757 	1.7552 	2.7963 	1.0000
339 	0 	0 	1 	0 	0 	0 	0 	0 	0 	0 	0 	0 	0 	0 	0 	0 	17 	0 	0 	0 	1.9304 	1.4081 	2.4527 	1.0000
340 	0 	0 	0 	0 	0 	1 	0 	0 	0 	0 	0 	0 	0 	17 	0 	0 	0 	0 	0 	0 	2.1885 	1.6626 	2.7144 	1.0000
341 	0 	0 	0 	0 	0 	0 	0 	0 	0 	0 	0 	0 	0 	1 	0 	0 	0 	0 	17 	0 	3.0354 	2.4534 	3.6174 	1.0000
342 	0 	0 	0 	0 	0 	1 	0 	10 	0 	0 	0 	0 	0 	0 	0 	0 	0 	7 	0 	0 	1.4699 	1.0509 	1.8888 	1.0000
343 	0 	0 	0 	0 	0 	0 	0 	0 	0 	0 	0 	0 	1 	0 	0 	0 	17 	0 	0 	0 	1.9317 	1.4090 	2.4543 	1.0000
344 	0 	0 	0 	0 	0 	0 	0 	0 	0 	0 	0 	0 	0 	0 	0 	0 	0 	0 	18 	0 	3.2270 	2.6532 	3.8007 	1.0000
345 	0 	1 	0 	0 	0 	0 	0 	0 	0 	0 	0 	0 	0 	0 	0 	17 	0 	0 	0 	0 	1.8482 	1.3079 	2.3885 	1.0000
346 	0 	0 	0 	0 	0 	0 	0 	0 	0 	0 	0 	0 	14 	0 	0 	3 	0 	0 	0 	1 	1.6975 	1.2081 	2.1868 	1.0000
347 	0 	0 	0 	4 	0 	0 	0 	0 	0 	0 	3 	0 	0 	0 	0 	0 	1 	10 	0 	0 	1.3365 	0.9048 	1.7682 	1.0000
348 	0 	0 	0 	0 	0 	17 	0 	0 	0 	0 	0 	0 	0 	0 	0 	0 	1 	0 	0 	0 	1.7743 	1.2520 	2.2966 	1.0000
349 	0 	0 	1 	0 	0 	0 	17 	0 	0 	0 	0 	0 	0 	0 	0 	0 	0 	0 	0 	0 	2.6356 	2.0861 	3.1851 	1.0000
350 	0 	0 	0 	0 	0 	0 	0 	0 	17 	0 	0 	0 	1 	0 	0 	0 	0 	0 	0 	0 	1.9441 	1.4214 	2.4667 	1.0000
351 	0 	0 	0 	1 	0 	0 	0 	0 	0 	17 	0 	0 	0 	0 	0 	0 	0 	0 	0 	0 	1.6163 	1.0912 	2.1414 	1.0000
352 	17 	0 	0 	1 	0 	0 	0 	0 	0 	0 	0 	0 	0 	0 	0 	0 	0 	0 	0 	0 	1.6811 	1.1578 	2.2044 	1.0000
353 	0 	0 	0 	0 	0 	0 	0 	0 	0 	0 	0 	0 	0 	0 	1 	0 	0 	0 	0 	17 	2.3580 	1.8249 	2.8910 	1.0000
354 	0 	0 	0 	0 	1 	0 	0 	1 	0 	0 	0 	0 	0 	0 	0 	0 	0 	16 	0 	0 	1.7227 	1.1964 	2.2491 	1.0000
355 	0 	0 	1 	0 	0 	0 	0 	0 	0 	0 	0 	0 	0 	0 	0 	0 	0 	0 	17 	0 	3.0261 	2.4425 	3.6097 	1.0000
356 	0 	0 	0 	0 	0 	0 	0 	0 	2 	0 	0 	15 	0 	0 	0 	0 	0 	0 	0 	1 	1.8907 	1.3794 	2.4021 	1.0000
357 	0 	1 	0 	0 	0 	0 	0 	0 	0 	0 	0 	17 	0 	0 	0 	0 	0 	0 	0 	0 	2.1698 	1.6327 	2.7068 	1.0000
358 	0 	0 	18 	0 	0 	0 	0 	0 	0 	0 	0 	0 	0 	0 	0 	0 	0 	0 	0 	0 	2.1337 	1.6155 	2.6518 	1.0000
359 	0 	0 	0 	0 	0 	0 	0 	17 	0 	0 	0 	0 	0 	0 	0 	0 	0 	1 	0 	0 	2.0018 	1.4803 	2.5233 	1.0000
360 	0 	0 	0 	0 	0 	0 	0 	0 	0 	0 	0 	0 	1 	0 	0 	0 	0 	0 	0 	17 	2.3615 	1.8282 	2.8947 	1.0000
361 	0 	0 	0 	1 	0 	0 	0 	0 	0 	0 	0 	0 	0 	0 	0 	0 	0 	17 	0 	0 	1.8338 	1.3126 	2.3549 	1.0000
362 	0 	1 	0 	0 	0 	0 	0 	0 	17 	0 	0 	0 	0 	0 	0 	0 	0 	0 	0 	0 	1.9838 	1.4462 	2.5214 	1.0000
363 	0 	0 	0 	1 	0 	0 	0 	11 	0 	0 	0 	5 	0 	0 	0 	0 	0 	1 	0 	0 	1.4980 	1.0614 	1.9347 	1.0000
364 	0 	0 	1 	17 	0 	0 	0 	0 	0 	0 	0 	0 	0 	0 	0 	0 	0 	0 	0 	0 	1.8830 	1.3607 	2.4052 	1.0000
365 	0 	0 	0 	1 	0 	0 	0 	0 	0 	0 	0 	0 	17 	0 	0 	0 	0 	0 	0 	0 	2.0176 	1.4956 	2.5396 	1.0000
366 	0 	1 	0 	0 	0 	0 	2 	0 	0 	0 	0 	15 	0 	0 	0 	0 	0 	0 	0 	0 	1.9862 	1.4556 	2.5168 	1.0000
367 	0 	0 	0 	0 	0 	0 	0 	1 	0 	12 	1 	0 	0 	0 	0 	4 	0 	0 	0 	0 	1.2350 	0.7607 	1.7093 	1.0000
368 	0 	0 	0 	0 	0 	0 	1 	0 	0 	0 	0 	0 	15 	0 	0 	1 	1 	0 	0 	0 	1.7695 	1.2435 	2.2956 	1.0000
369 	0 	1 	0 	0 	0 	0 	0 	0 	0 	0 	0 	0 	0 	0 	0 	17 	0 	0 	0 	0 	1.8482 	1.3079 	2.3885 	1.0000
370 	0 	0 	0 	0 	0 	0 	9 	0 	1 	0 	0 	0 	0 	5 	0 	1 	0 	0 	0 	2 	1.6858 	1.2518 	2.1199 	1.0000
371 	0 	0 	0 	0 	0 	1 	0 	0 	0 	0 	0 	0 	0 	0 	17 	0 	0 	0 	0 	0 	1.9336 	1.4133 	2.4538 	1.0000
372 	0 	0 	0 	1 	0 	0 	0 	17 	0 	0 	0 	0 	0 	0 	0 	0 	0 	0 	0 	0 	2.0037 	1.4819 	2.5255 	1.0000
373 	0 	0 	0 	0 	0 	0 	0 	0 	0 	0 	0 	1 	0 	0 	0 	0 	17 	0 	0 	0 	1.9365 	1.4125 	2.4605 	1.0000
374 	0 	0 	0 	0 	1 	0 	0 	0 	0 	1 	0 	0 	0 	0 	0 	3 	0 	0 	12 	1 	2.1396 	1.5831 	2.6960 	1.0000
375 	0 	0 	1 	0 	0 	0 	0 	0 	0 	0 	0 	1 	0 	0 	0 	0 	16 	0 	0 	0 	1.8042 	1.2802 	2.3282 	1.0000
376 	0 	0 	0 	0 	0 	18 	0 	0 	0 	0 	0 	0 	0 	0 	0 	0 	0 	0 	0 	0 	1.9025 	1.3847 	2.4203 	1.0000
377 	0 	0 	0 	1 	0 	0 	0 	0 	16 	0 	0 	0 	0 	0 	0 	0 	1 	0 	0 	0 	1.8021 	1.2815 	2.3228 	1.0000
378 	0 	0 	0 	14 	0 	0 	0 	1 	3 	0 	0 	0 	0 	0 	0 	0 	0 	0 	0 	0 	1.5877 	1.1032 	2.0723 	1.0000
379 	0 	0 	14 	0 	0 	0 	0 	0 	0 	0 	0 	3 	0 	0 	0 	1 	0 	0 	0 	0 	1.6994 	1.2137 	2.1851 	1.0000
380 	1 	0 	0 	0 	0 	1 	0 	6 	1 	0 	3 	0 	0 	0 	0 	0 	0 	6 	0 	0 	1.1326 	0.7525 	1.5126 	1.0000
381 	0 	0 	0 	0 	0 	0 	0 	17 	0 	0 	0 	0 	0 	0 	0 	0 	1 	0 	0 	0 	2.0057 	1.4835 	2.5279 	1.0000
382 	0 	0 	0 	0 	0 	0 	0 	0 	0 	0 	1 	0 	0 	0 	0 	1 	0 	0 	0 	16 	2.2215 	1.6838 	2.7592 	1.0000
383 	0 	0 	0 	0 	0 	0 	0 	0 	0 	0 	0 	17 	0 	0 	0 	1 	0 	0 	0 	0 	2.1207 	1.5969 	2.6446 	1.0000
384 	0 	0 	0 	0 	0 	18 	0 	0 	0 	0 	0 	0 	0 	0 	0 	0 	0 	0 	0 	0 	1.9025 	1.3847 	2.4203 	1.0000
385 	0 	0 	0 	0 	0 	0 	0 	17 	0 	1 	0 	0 	0 	0 	0 	0 	0 	0 	0 	0 	1.9932 	1.4728 	2.5135 	1.0000
386 	0 	0 	0 	1 	0 	0 	0 	0 	0 	0 	0 	0 	0 	0 	0 	0 	17 	0 	0 	0 	1.9256 	1.4045 	2.4467 	1.0000
387 	0 	1 	17 	0 	0 	0 	0 	0 	0 	0 	0 	0 	0 	0 	0 	0 	0 	0 	0 	0 	2.0359 	1.4988 	2.5730 	1.0000
388 	0 	0 	0 	0 	0 	0 	0 	0 	0 	0 	0 	0 	0 	1 	0 	0 	0 	0 	17 	0 	3.0354 	2.4534 	3.6174 	1.0000
389 	1 	0 	0 	0 	0 	0 	0 	0 	0 	0 	0 	0 	0 	0 	0 	0 	0 	17 	0 	0 	1.8257 	1.3066 	2.3449 	1.0000
390 	0 	0 	0 	0 	0 	0 	0 	0 	0 	0 	0 	0 	0 	0 	0 	0 	0 	0 	1 	17 	2.4120 	1.8668 	2.9572 	1.0000
391 	0 	0 	1 	17 	0 	0 	0 	0 	0 	0 	0 	0 	0 	0 	0 	0 	0 	0 	0 	0 	1.8830 	1.3607 	2.4052 	1.0000
392 	0 	0 	0 	17 	0 	0 	0 	0 	0 	0 	0 	0 	0 	0 	0 	1 	0 	0 	0 	0 	1.8749 	1.3547 	2.3951 	1.0000
393 	0 	0 	0 	17 	0 	0 	0 	0 	0 	0 	0 	0 	0 	1 	0 	0 	0 	0 	0 	0 	1.8922 	1.3670 	2.4174 	1.0000
394 	0 	0 	0 	0 	0 	0 	0 	1 	0 	0 	0 	0 	0 	0 	0 	1 	0 	16 	0 	0 	1.7046 	1.1835 	2.2256 	1.0000
395 	0 	0 	0 	0 	17 	0 	0 	0 	0 	0 	0 	0 	1 	0 	0 	0 	0 	0 	0 	0 	2.2173 	1.6898 	2.7449 	1.0000
396 	0 	0 	0 	0 	0 	2 	1 	0 	0 	0 	0 	0 	0 	0 	0 	15 	0 	0 	0 	0 	1.6067 	1.0903 	2.1231 	1.0000
397 	18 	0 	0 	0 	0 	0 	0 	0 	0 	0 	0 	0 	0 	0 	0 	0 	0 	0 	0 	0 	1.8056 	1.2866 	2.3246 	1.0000
398 	0 	0 	0 	0 	0 	0 	1 	0 	0 	0 	0 	0 	0 	0 	0 	0 	0 	0 	0 	17 	2.3912 	1.8528 	2.9297 	1.0000
399 	0 	0 	0 	0 	0 	1 	0 	0 	0 	0 	0 	0 	0 	0 	0 	17 	0 	0 	0 	0 	1.7979 	1.2778 	2.3180 	1.0000
400 	17 	0 	0 	0 	0 	0 	0 	0 	0 	0 	0 	0 	0 	0 	0 	0 	0 	0 	0 	1 	1.7030 	1.1707 	2.2353 	1.0000
401 	0 	0 	0 	0 	0 	0 	0 	1 	0 	17 	0 	0 	0 	0 	0 	0 	0 	0 	0 	0 	1.6217 	1.0945 	2.1490 	1.0000
402 	0 	0 	0 	0 	0 	0 	0 	0 	0 	0 	0 	0 	1 	0 	0 	0 	0 	0 	17 	0 	3.0273 	2.4440 	3.6107 	1.0000
403 	0 	0 	0 	0 	0 	0 	0 	0 	0 	0 	0 	0 	0 	0 	0 	1 	0 	0 	17 	0 	3.0181 	2.4324 	3.6037 	1.0000
404 	0 	0 	0 	0 	0 	0 	0 	0 	1 	0 	0 	0 	0 	0 	0 	17 	0 	0 	0 	0 	1.8049 	1.2828 	2.3270 	1.0000
405 	0 	0 	0 	0 	1 	0 	0 	0 	0 	0 	0 	0 	17 	0 	0 	0 	0 	0 	0 	0 	2.0326 	1.5070 	2.5582 	1.0000
406 	0 	0 	0 	0 	0 	0 	0 	0 	2 	0 	0 	15 	1 	0 	0 	0 	0 	0 	0 	0 	1.8749 	1.3671 	2.3826 	1.0000
407 	0 	0 	0 	0 	0 	11 	0 	0 	0 	0 	0 	2 	0 	0 	0 	5 	0 	0 	0 	0 	1.3255 	0.8968 	1.7542 	1.0000
408 	0 	0 	0 	0 	0 	0 	0 	0 	1 	0 	0 	0 	0 	0 	0 	1 	16 	0 	0 	0 	1.7879 	1.2678 	2.3080 	1.0000
409 	0 	0 	0 	0 	17 	0 	0 	0 	0 	0 	0 	1 	0 	0 	0 	0 	0 	0 	0 	0 	2.2222 	1.6939 	2.7505 	1.0000
410 	0 	0 	0 	0 	0 	0 	0 	0 	0 	18 	0 	0 	0 	0 	0 	0 	0 	0 	0 	0 	1.7368 	1.2164 	2.2572 	1.0000
411 	17 	0 	0 	0 	0 	0 	0 	0 	1 	0 	0 	0 	0 	0 	0 	0 	0 	0 	0 	0 	1.6837 	1.1594 	2.2079 	1.0000
412 	0 	0 	0 	0 	0 	0 	0 	0 	1 	0 	0 	0 	0 	0 	0 	0 	0 	0 	0 	17 	2.3580 	1.8249 	2.8910 	1.0000
413 	17 	0 	0 	0 	0 	0 	0 	0 	0 	0 	0 	1 	0 	0 	0 	0 	0 	0 	0 	0 	1.6920 	1.1645 	2.2195 	1.0000
414 	0 	0 	0 	0 	0 	0 	0 	0 	0 	0 	0 	0 	0 	17 	0 	0 	0 	0 	0 	1 	2.2148 	1.6846 	2.7450 	1.0000
415 	0 	1 	0 	0 	17 	0 	0 	0 	0 	0 	0 	0 	0 	0 	0 	0 	0 	0 	0 	0 	2.2571 	1.7190 	2.7952 	1.0000
416 	0 	0 	0 	0 	0 	0 	0 	0 	0 	0 	0 	17 	0 	0 	1 	0 	0 	0 	0 	0 	2.1265 	1.6019 	2.6510 	1.0000
417 	0 	0 	17 	0 	0 	0 	0 	0 	0 	0 	0 	1 	0 	0 	0 	0 	0 	0 	0 	0 	2.0009 	1.4767 	2.5251 	1.0000
418 	0 	0 	0 	0 	0 	0 	0 	0 	0 	0 	0 	0 	1 	0 	0 	0 	17 	0 	0 	0 	1.9317 	1.4090 	2.4543 	1.0000
419 	0 	0 	1 	15 	0 	2 	0 	0 	0 	0 	0 	0 	0 	0 	0 	0 	0 	0 	0 	0 	1.6422 	1.1387 	2.1457 	1.0000
420 	0 	0 	0 	0 	0 	1 	0 	0 	0 	0 	0 	0 	0 	0 	0 	0 	0 	17 	0 	0 	1.8294 	1.3094 	2.3493 	1.0000
421 	0 	0 	0 	1 	0 	0 	0 	0 	0 	0 	0 	0 	17 	0 	0 	0 	0 	0 	0 	0 	2.0176 	1.4956 	2.5396 	1.0000
422 	0 	0 	0 	0 	0 	0 	1 	0 	0 	16 	0 	0 	1 	0 	0 	0 	0 	0 	0 	0 	1.5403 	0.9969 	2.0836 	1.0000
423 	0 	0 	0 	0 	0 	0 	0 	17 	0 	0 	0 	0 	0 	0 	1 	0 	0 	0 	0 	0 	2.0062 	1.4839 	2.5286 	1.0000
424 	0 	0 	0 	17 	0 	0 	0 	0 	0 	0 	0 	0 	1 	0 	0 	0 	0 	0 	0 	0 	1.8842 	1.3615 	2.4068 	1.0000
425 	0 	0 	0 	0 	0 	0 	0 	0 	0 	0 	0 	0 	0 	0 	0 	0 	0 	0 	1 	17 	2.4120 	1.8668 	2.9572 	1.0000
426 	0 	1 	0 	0 	0 	0 	0 	0 	0 	0 	0 	0 	0 	0 	0 	17 	0 	0 	0 	0 	1.8482 	1.3079 	2.3885 	1.0000
427 	0 	0 	0 	0 	18 	0 	0 	0 	0 	0 	0 	0 	0 	0 	0 	0 	0 	0 	0 	0 	2.3684 	1.8454 	2.8914 	1.0000
428 	0 	0 	0 	0 	0 	0 	0 	0 	0 	0 	0 	0 	0 	0 	0 	0 	1 	0 	0 	17 	2.3574 	1.8244 	2.8904 	1.0000
429 	0 	0 	0 	0 	0 	0 	0 	0 	0 	0 	0 	0 	0 	0 	0 	17 	1 	0 	0 	0 	1.8044 	1.2824 	2.3263 	1.0000
430 	0 	0 	18 	0 	0 	0 	0 	0 	0 	0 	0 	0 	0 	0 	0 	0 	0 	0 	0 	0 	2.1337 	1.6155 	2.6518 	1.0000
431 	0 	0 	0 	17 	0 	0 	0 	0 	0 	0 	0 	0 	1 	0 	0 	0 	0 	0 	0 	0 	1.8842 	1.3615 	2.4068 	1.0000
432 	0 	0 	0 	0 	0 	0 	0 	0 	0 	0 	0 	1 	0 	0 	0 	17 	0 	0 	0 	0 	1.8132 	1.2883 	2.3381 	1.0000
433 	0 	0 	0 	0 	0 	0 	0 	0 	1 	0 	0 	0 	0 	0 	0 	0 	0 	0 	0 	0 	1.0715 	0.4735 	1.6694 	0.0556
434 	0 	0 	0 	0 	0 	0 	0 	0 	0 	0 	0 	0 	0 	0 	1 	0 	0 	0 	0 	0 	1.0715 	0.4735 	1.6694 	0.0556
435 	0 	0 	0 	0 	0 	0 	0 	0 	0 	0 	0 	0 	0 	0 	0 	0 	0 	0 	1 	0 	1.2934 	0.5691 	2.0176 	0.0556
436 	0 	0 	0 	1 	0 	0 	0 	0 	0 	0 	0 	0 	0 	0 	0 	0 	0 	0 	0 	0 	1.0609 	0.4598 	1.6620 	0.0556
437 	0 	0 	0 	0 	0 	0 	0 	0 	0 	18 	0 	0 	0 	0 	0 	0 	0 	0 	0 	0 	1.7368 	1.2164 	2.2572 	1.0000
438 	0 	1 	0 	0 	0 	0 	0 	0 	0 	0 	0 	0 	0 	17 	0 	0 	0 	0 	0 	0 	2.2388 	1.7010 	2.7766 	1.0000
439 	0 	0 	1 	0 	0 	0 	0 	0 	0 	0 	0 	0 	0 	0 	0 	0 	0 	0 	0 	17 	2.3602 	1.8271 	2.8934 	1.0000
440 	0 	0 	0 	0 	0 	0 	0 	1 	0 	0 	0 	0 	17 	0 	0 	0 	0 	0 	0 	0 	2.0230 	1.4999 	2.5462 	1.0000
441 	0 	0 	0 	0 	0 	0 	0 	0 	16 	0 	0 	0 	1 	0 	1 	0 	0 	0 	0 	0 	1.8088 	1.2866 	2.3309 	1.0000
442 	0 	0 	0 	0 	0 	0 	0 	0 	0 	0 	0 	0 	0 	0 	1 	0 	17 	0 	0 	0 	1.9281 	1.4064 	2.4498 	1.0000
443 	0 	1 	0 	0 	0 	0 	0 	1 	0 	0 	0 	0 	0 	0 	0 	0 	0 	16 	0 	0 	1.7536 	1.2141 	2.2931 	1.0000
444 	0 	0 	0 	0 	0 	0 	0 	0 	3 	0 	0 	0 	0 	5 	7 	0 	1 	0 	2 	0 	1.2885 	0.8908 	1.6861 	1.0000
445 	0 	0 	0 	0 	0 	0 	0 	10 	0 	0 	0 	0 	0 	0 	0 	0 	1 	7 	0 	0 	1.4763 	1.0562 	1.8964 	1.0000
446 	0 	0 	0 	0 	0 	0 	0 	0 	0 	0 	0 	0 	18 	0 	0 	0 	0 	0 	0 	0 	2.1629 	1.6444 	2.6814 	1.0000
447 	0 	0 	0 	0 	0 	0 	0 	0 	0 	0 	0 	0 	1 	0 	0 	0 	0 	0 	0 	17 	2.3615 	1.8282 	2.8947 	1.0000
448 	0 	0 	0 	0 	0 	0 	0 	0 	0 	0 	0 	0 	18 	0 	0 	0 	0 	0 	0 	0 	2.1629 	1.6444 	2.6814 	1.0000
449 	0 	0 	0 	0 	0 	0 	0 	0 	17 	0 	0 	0 	0 	0 	0 	1 	0 	0 	0 	0 	1.9348 	1.4143 	2.4553 	1.0000
450 	17 	0 	0 	0 	0 	0 	0 	0 	0 	0 	0 	0 	0 	0 	0 	1 	0 	0 	0 	0 	1.6779 	1.1557 	2.2001 	1.0000
451 	0 	0 	0 	0 	0 	18 	0 	0 	0 	0 	0 	0 	0 	0 	0 	0 	0 	0 	0 	0 	1.9025 	1.3847 	2.4203 	1.0000
452 	17 	0 	0 	0 	0 	0 	0 	0 	0 	0 	0 	0 	1 	0 	0 	0 	0 	0 	0 	0 	1.6872 	1.1616 	2.2127 	1.0000
453 	0 	0 	0 	0 	0 	0 	0 	1 	0 	0 	0 	0 	0 	0 	0 	0 	1 	16 	0 	0 	1.7098 	1.1874 	2.2321 	1.0000
454 	0 	0 	0 	0 	0 	0 	0 	0 	0 	0 	0 	17 	0 	0 	0 	0 	0 	0 	0 	1 	2.1458 	1.6170 	2.6747 	1.0000
455 	0 	0 	0 	0 	0 	0 	0 	0 	0 	0 	0 	0 	17 	1 	0 	0 	0 	0 	0 	0 	2.0317 	1.5064 	2.5570 	1.0000
456 	0 	1 	0 	0 	0 	0 	0 	0 	0 	0 	0 	0 	0 	0 	0 	0 	17 	0 	0 	0 	1.9714 	1.4337 	2.5092 	1.0000
457 	0 	0 	0 	0 	0 	0 	0 	3 	0 	1 	0 	0 	0 	0 	0 	0 	0 	14 	0 	0 	1.5458 	1.0626 	2.0289 	1.0000
458 	0 	0 	0 	0 	0 	0 	0 	0 	18 	0 	0 	0 	0 	0 	0 	0 	0 	0 	0 	0 	2.0784 	1.5608 	2.5961 	1.0000
459 	0 	0 	0 	0 	15 	1 	0 	0 	0 	2 	0 	0 	0 	0 	0 	0 	0 	0 	0 	0 	1.9112 	1.3996 	2.4229 	1.0000
460 	0 	0 	0 	0 	17 	0 	0 	0 	0 	0 	0 	0 	0 	0 	0 	0 	1 	0 	0 	0 	2.2133 	1.6862 	2.7404 	1.0000
461 	0 	0 	0 	0 	0 	1 	0 	2 	0 	0 	0 	0 	0 	0 	0 	0 	0 	15 	0 	0 	1.6162 	1.1118 	2.1206 	1.0000
462 	0 	0 	0 	1 	0 	0 	0 	0 	0 	0 	0 	0 	0 	0 	0 	0 	0 	17 	0 	0 	1.8338 	1.3126 	2.3549 	1.0000
463 	0 	0 	0 	0 	0 	0 	0 	0 	2 	0 	0 	16 	0 	0 	0 	0 	0 	0 	0 	0 	2.0153 	1.5047 	2.5258 	1.0000
464 	0 	0 	0 	0 	0 	0 	0 	5 	0 	0 	0 	0 	0 	0 	0 	0 	12 	0 	0 	1 	1.5608 	1.1097 	2.0120 	1.0000
465 	0 	0 	13 	0 	0 	0 	0 	0 	0 	0 	0 	1 	0 	0 	1 	3 	0 	0 	0 	0 	1.5342 	1.0576 	2.0109 	1.0000
466 	0 	0 	0 	0 	0 	1 	0 	0 	0 	0 	0 	0 	0 	0 	0 	0 	0 	0 	0 	0 	1.0429 	0.4331 	1.6526 	0.0556
467 	0 	0 	1 	0 	0 	0 	0 	0 	0 	0 	0 	0 	0 	0 	0 	0 	0 	0 	0 	0 	1.0808 	0.4845 	1.6771 	0.0556
468 	0 	0 	0 	0 	0 	0 	0 	0 	0 	0 	0 	0 	0 	0 	0 	0 	0 	1 	0 	0 	1.0532 	0.4490 	1.6574 	0.0556
469 	1 	0 	0 	0 	0 	0 	0 	0 	0 	0 	0 	0 	0 	0 	0 	0 	0 	0 	0 	0 	1.0279 	0.4073 	1.6486 	0.0556
470 	0 	0 	0 	0 	0 	0 	0 	0 	0 	0 	0 	0 	0 	0 	0 	0 	0 	1 	0 	0 	1.0532 	0.4490 	1.6574 	0.0556
471 	0 	0 	0 	0 	0 	0 	0 	0 	0 	0 	0 	2 	0 	0 	0 	15 	1 	0 	0 	0 	1.6071 	1.0980 	2.1161 	1.0000
472 	0 	0 	0 	0 	0 	0 	0 	0 	0 	17 	0 	0 	0 	0 	0 	0 	0 	1 	0 	0 	1.6144 	1.0901 	2.1388 	1.0000
473 	0 	0 	1 	0 	0 	0 	0 	1 	0 	0 	0 	1 	0 	0 	0 	15 	0 	0 	0 	0 	1.5672 	1.0456 	2.0889 	1.0000
474 	0 	0 	0 	0 	0 	1 	0 	0 	0 	0 	0 	0 	4 	0 	0 	13 	0 	0 	0 	0 	1.4837 	1.0191 	1.9484 	1.0000
475 	3 	0 	0 	0 	0 	1 	1 	3 	0 	0 	0 	4 	0 	0 	0 	1 	1 	4 	0 	0 	0.8279 	0.5082 	1.1475 	1.0000
476 	0 	0 	0 	0 	0 	0 	0 	3 	0 	0 	0 	0 	0 	0 	0 	1 	14 	0 	0 	0 	1.6280 	1.1445 	2.1114 	1.0000
477 	0 	1 	0 	0 	0 	1 	0 	0 	0 	0 	0 	15 	0 	0 	0 	1 	0 	0 	0 	0 	1.8665 	1.3359 	2.3970 	1.0000
478 	16 	0 	0 	0 	0 	0 	1 	0 	0 	0 	0 	0 	0 	0 	0 	0 	0 	1 	0 	0 	1.5931 	1.0553 	2.1308 	1.0000
479 	2 	0 	0 	0 	0 	1 	0 	0 	0 	0 	0 	0 	0 	0 	0 	0 	15 	0 	0 	0 	1.6662 	1.1648 	2.1676 	1.0000
480 	0 	0 	0 	0 	0 	0 	0 	0 	0 	0 	0 	0 	2 	0 	0 	15 	0 	0 	1 	0 	1.6510 	1.1208 	2.1813 	1.0000
481 	0 	0 	0 	0 	0 	0 	0 	11 	0 	0 	0 	0 	0 	3 	0 	1 	0 	3 	0 	0 	1.4151 	0.9830 	1.8471 	1.0000
482 	1 	0 	0 	2 	0 	0 	0 	0 	0 	0 	0 	0 	0 	15 	0 	0 	0 	0 	0 	0 	1.9156 	1.4067 	2.4245 	1.0000
483 	0 	0 	0 	0 	0 	0 	0 	16 	0 	0 	0 	0 	0 	1 	0 	0 	0 	1 	0 	0 	1.8740 	1.3502 	2.3978 	1.0000
484 	0 	0 	0 	0 	0 	0 	0 	0 	0 	0 	0 	0 	1 	0 	0 	1 	13 	3 	0 	0 	1.4797 	1.0059 	1.9536 	1.0000
485 	12 	0 	0 	0 	0 	0 	0 	0 	0 	0 	0 	0 	6 	0 	0 	0 	0 	0 	0 	0 	1.4687 	1.0248 	1.9126 	1.0000
486 	0 	0 	0 	0 	0 	0 	1 	0 	0 	0 	0 	0 	17 	0 	0 	0 	0 	0 	0 	0 	2.0534 	1.5207 	2.5861 	1.0000
487 	11 	0 	1 	1 	0 	3 	0 	0 	0 	0 	0 	0 	1 	0 	0 	0 	1 	0 	0 	0 	1.0802 	0.6279 	1.5325 	1.0000
488 	1 	0 	1 	0 	0 	0 	1 	0 	0 	0 	0 	0 	0 	0 	0 	15 	0 	0 	0 	0 	1.5787 	1.0500 	2.1073 	1.0000
489 	0 	0 	0 	0 	0 	0 	0 	2 	0 	0 	8 	1 	0 	0 	0 	0 	0 	7 	0 	0 	1.5588 	1.1244 	1.9933 	1.0000
490 	1 	0 	0 	0 	0 	0 	0 	0 	0 	15 	0 	0 	0 	0 	1 	1 	0 	0 	0 	0 	1.3745 	0.8560 	1.8930 	1.0000
491 	0 	0 	0 	0 	0 	0 	0 	13 	0 	0 	0 	0 	0 	0 	1 	0 	4 	0 	0 	0 	1.6230 	1.1597 	2.0864 	1.0000
492 	0 	0 	0 	0 	0 	17 	0 	0 	0 	0 	0 	0 	1 	0 	0 	0 	0 	0 	0 	0 	1.7784 	1.2547 	2.3020 	1.0000
493 	0 	0 	17 	1 	0 	0 	0 	0 	0 	0 	0 	0 	0 	0 	0 	0 	0 	0 	0 	0 	1.9900 	1.4684 	2.5116 	1.0000
494 	0 	0 	0 	0 	0 	0 	15 	0 	0 	0 	0 	1 	0 	0 	0 	0 	0 	0 	0 	2 	2.3676 	1.8332 	2.9020 	1.0000
495 	0 	0 	0 	0 	1 	0 	0 	0 	0 	0 	0 	0 	0 	0 	0 	0 	0 	0 	0 	17 	2.3704 	1.8362 	2.9046 	1.0000
496 	0 	0 	0 	0 	0 	0 	0 	0 	0 	17 	0 	0 	1 	0 	0 	0 	0 	0 	0 	0 	1.6224 	1.0949 	2.1499 	1.0000
497 	0 	18 	0 	0 	0 	0 	0 	0 	0 	0 	0 	0 	0 	0 	0 	0 	0 	0 	0 	0 	3.0155 	2.4586 	3.5724 	1.0000
498 	0 	0 	17 	0 	0 	0 	0 	0 	1 	0 	0 	0 	0 	0 	0 	0 	0 	0 	0 	0 	1.9926 	1.4704 	2.5147 	1.0000
499 	0 	0 	0 	0 	0 	0 	0 	0 	0 	0 	0 	1 	0 	0 	0 	0 	0 	0 	0 	0 	1.1057 	0.5093 	1.7021 	0.0556
500 	0 	0 	0 	0 	0 	0 	0 	0 	0 	1 	0 	0 	0 	0 	0 	0 	0 	0 	0 	0 	1.0177 	0.3875 	1.6480 	0.0556
501 	0 	0 	1 	0 	0 	0 	0 	0 	0 	0 	0 	0 	0 	0 	0 	0 	0 	0 	0 	0 	1.0808 	0.4845 	1.6771 	0.0556
502 	0 	0 	0 	1 	0 	0 	0 	0 	0 	0 	0 	0 	0 	0 	0 	0 	0 	0 	0 	0 	1.0609 	0.4598 	1.6620 	0.0556
503 	0 	0 	0 	0 	0 	0 	0 	0 	0 	0 	0 	1 	0 	0 	0 	0 	0 	0 	0 	0 	1.1057 	0.5093 	1.7021 	0.0556
504 	0 	0 	0 	0 	0 	0 	0 	0 	0 	0 	0 	0 	0 	0 	0 	0 	0 	0 	0 	1 	1.1510 	0.5409 	1.7611 	0.0556
505 	0 	1 	0 	0 	0 	0 	0 	0 	0 	0 	0 	0 	0 	0 	0 	0 	0 	0 	0 	0 	1.2492 	0.5685 	1.9300 	0.0556
506 	0 	0 	0 	0 	0 	0 	0 	0 	0 	0 	0 	0 	0 	0 	1 	0 	0 	0 	0 	0 	1.0715 	0.4735 	1.6694 	0.0556
507 	0 	0 	0 	0 	0 	0 	0 	0 	0 	0 	0 	1 	0 	0 	0 	0 	0 	0 	0 	0 	1.1057 	0.5093 	1.7021 	0.0556
508 	0 	0 	0 	0 	0 	0 	0 	0 	0 	0 	0 	0 	1 	0 	0 	0 	0 	0 	0 	0 	1.0859 	0.4900 	1.6817 	0.0556
509 	0 	0 	1 	0 	0 	0 	0 	0 	0 	0 	0 	0 	0 	0 	0 	0 	0 	0 	0 	0 	1.0808 	0.4845 	1.6771 	0.0556
510 	0 	0 	0 	0 	0 	1 	0 	0 	0 	0 	0 	0 	0 	0 	0 	0 	0 	0 	0 	0 	1.0429 	0.4331 	1.6526 	0.0556
511 	0 	0 	0 	1 	0 	0 	0 	0 	0 	0 	0 	0 	0 	0 	0 	0 	0 	0 	0 	0 	1.0609 	0.4598 	1.6620 	0.0556
512 	0 	0 	0 	0 	0 	0 	0 	0 	1 	0 	0 	0 	0 	0 	0 	0 	0 	0 	0 	0 	1.0715 	0.4735 	1.6694 	0.0556
513 	1 	0 	0 	0 	0 	0 	0 	0 	0 	0 	0 	0 	0 	0 	0 	0 	0 	17 	0 	0 	1.8257 	1.3066 	2.3449 	1.0000
514 	1 	0 	0 	0 	0 	0 	0 	0 	0 	0 	0 	0 	1 	0 	0 	0 	15 	1 	0 	0 	1.6503 	1.1354 	2.1651 	1.0000
515 	0 	0 	0 	0 	0 	0 	0 	0 	0 	0 	0 	0 	0 	0 	0 	0 	0 	0 	18 	0 	3.2270 	2.6532 	3.8007 	1.0000
516 	11 	1 	0 	0 	0 	0 	0 	0 	0 	0 	0 	0 	0 	0 	0 	0 	0 	6 	0 	0 	1.3476 	0.8934 	1.8018 	1.0000
517 	0 	0 	0 	0 	0 	0 	0 	0 	0 	0 	0 	2 	0 	0 	0 	0 	15 	0 	0 	1 	1.7350 	1.2223 	2.2478 	1.0000
518 	0 	0 	0 	7 	0 	0 	0 	0 	0 	0 	0 	0 	0 	10 	0 	0 	1 	0 	0 	0 	1.6023 	1.1755 	2.0291 	1.0000
519 	0 	0 	0 	17 	0 	0 	0 	0 	0 	0 	0 	0 	0 	0 	0 	0 	1 	0 	0 	0 	1.8801 	1.3586 	2.4016 	1.0000
520 	0 	0 	0 	0 	0 	0 	0 	0 	0 	0 	0 	1 	0 	0 	17 	0 	0 	0 	0 	0 	1.9489 	1.4249 	2.4729 	1.0000
521 	0 	0 	0 	0 	0 	0 	0 	17 	0 	0 	0 	0 	0 	0 	0 	1 	0 	0 	0 	0 	2.0005 	1.4793 	2.5217 	1.0000
522 	0 	0 	0 	0 	0 	0 	0 	0 	0 	0 	0 	0 	0 	1 	0 	17 	0 	0 	0 	0 	1.8164 	1.2904 	2.3425 	1.0000
523 	0 	0 	0 	0 	0 	0 	0 	0 	0 	16 	1 	0 	0 	0 	0 	0 	0 	1 	0 	0 	1.5290 	0.9901 	2.0680 	1.0000
524 	0 	0 	0 	0 	0 	0 	0 	0 	0 	0 	0 	0 	0 	17 	1 	0 	0 	0 	0 	0 	2.1955 	1.6690 	2.7220 	1.0000
525 	0 	0 	0 	0 	0 	0 	0 	0 	0 	0 	0 	0 	0 	0 	0 	0 	0 	0 	18 	0 	3.2270 	2.6532 	3.8007 	1.0000
526 	0 	0 	0 	1 	0 	0 	0 	0 	0 	17 	0 	0 	0 	0 	0 	0 	0 	0 	0 	0 	1.6163 	1.0912 	2.1414 	1.0000
527 	0 	0 	0 	0 	0 	0 	0 	0 	0 	0 	0 	0 	0 	0 	17 	0 	0 	0 	0 	1 	1.9599 	1.4323 	2.4876 	1.0000
528 	0 	1 	0 	0 	0 	0 	0 	0 	0 	0 	0 	0 	0 	0 	0 	0 	0 	0 	0 	0 	1.2492 	0.5685 	1.9300 	0.0556
529 	0 	0 	0 	0 	0 	0 	0 	0 	1 	0 	0 	0 	0 	0 	17 	0 	0 	0 	0 	0 	1.9406 	1.4188 	2.4623 	1.0000
530 	0 	0 	0 	0 	0 	0 	0 	18 	0 	0 	0 	0 	0 	0 	0 	0 	0 	0 	0 	0 	2.1481 	1.6298 	2.6665 	1.0000
531 	0 	0 	0 	0 	0 	0 	0 	0 	0 	0 	0 	0 	1 	17 	0 	0 	0 	0 	0 	0 	2.1990 	1.6720 	2.7260 	1.0000
532 	0 	0 	0 	0 	0 	0 	0 	0 	0 	0 	0 	17 	0 	0 	0 	1 	0 	0 	0 	0 	2.1207 	1.5969 	2.6446 	1.0000
533 	0 	1 	0 	0 	0 	0 	0 	0 	0 	0 	0 	0 	0 	0 	0 	0 	0 	0 	0 	17 	2.4012 	1.8598 	2.9427 	1.0000
534 	0 	0 	0 	1 	0 	0 	0 	0 	0 	0 	0 	0 	0 	0 	0 	17 	0 	0 	0 	0 	1.8023 	1.2810 	2.3237 	1.0000
535 	0 	0 	0 	0 	0 	0 	0 	3 	0 	0 	0 	0 	0 	0 	0 	1 	0 	14 	0 	0 	1.5531 	1.0688 	2.0374 	1.0000
536 	0 	0 	0 	0 	0 	0 	0 	0 	0 	0 	17 	0 	0 	0 	0 	1 	0 	0 	0 	0 	2.5634 	2.0177 	3.1090 	1.0000
537 	2 	0 	14 	0 	0 	0 	0 	0 	0 	0 	0 	1 	1 	0 	0 	0 	0 	0 	0 	0 	1.6087 	1.1093 	2.1082 	1.0000
538 	0 	0 	0 	0 	0 	0 	0 	17 	0 	0 	0 	0 	0 	0 	0 	0 	0 	1 	0 	0 	2.0018 	1.4803 	2.5233 	1.0000
539 	0 	16 	0 	0 	0 	0 	0 	0 	0 	0 	0 	0 	0 	0 	0 	1 	0 	0 	0 	1 	2.6492 	2.0812 	3.2172 	1.0000
540 	0 	0 	17 	0 	0 	0 	0 	0 	0 	0 	0 	0 	0 	0 	0 	0 	1 	0 	0 	0 	1.9920 	1.4700 	2.5141 	1.0000
541 	0 	0 	0 	1 	0 	0 	0 	0 	0 	0 	0 	0 	0 	0 	0 	0 	0 	0 	0 	17 	2.3554 	1.8225 	2.8883 	1.0000
542 	0 	0 	14 	0 	0 	0 	0 	0 	0 	0 	0 	3 	1 	0 	0 	0 	0 	0 	0 	0 	1.7087 	1.2214 	2.1959 	1.0000
543 	0 	0 	0 	10 	0 	0 	0 	0 	2 	1 	0 	1 	0 	0 	3 	0 	0 	0 	0 	0 	1.2196 	0.7831 	1.6560 	0.9444
544 	0 	0 	2 	0 	0 	0 	0 	1 	0 	1 	0 	0 	0 	0 	0 	13 	1 	0 	0 	0 	1.3440 	0.8570 	1.8311 	1.0000
545 	0 	0 	0 	0 	0 	0 	0 	0 	0 	0 	0 	4 	1 	0 	0 	8 	5 	0 	0 	0 	1.2180 	0.8395 	1.5965 	1.0000
546 	0 	0 	0 	0 	0 	12 	0 	0 	0 	2 	0 	1 	0 	0 	0 	1 	1 	0 	1 	0 	1.2403 	0.7420 	1.7386 	1.0000
547 	1 	0 	1 	0 	0 	0 	0 	0 	0 	0 	0 	0 	0 	0 	0 	0 	0 	0 	0 	0 	1.0091 	0.4413 	1.5770 	0.1111
548 	0 	0 	0 	0 	0 	0 	0 	1 	0 	0 	0 	0 	1 	0 	0 	0 	0 	0 	0 	0 	1.0602 	0.5102 	1.6102 	0.1111
549 	0 	0 	0 	0 	0 	1 	0 	0 	0 	0 	0 	0 	2 	0 	12 	1 	2 	0 	0 	0 	1.3582 	0.8968 	1.8195 	1.0000
550 	0 	0 	0 	1 	0 	0 	0 	0 	0 	1 	0 	0 	0 	0 	0 	0 	0 	0 	16 	0 	2.8076 	2.2138 	3.4014 	1.0000
551 	0 	0 	0 	0 	0 	0 	0 	3 	0 	1 	0 	11 	1 	0 	1 	1 	0 	0 	0 	0 	1.3772 	0.9280 	1.8265 	1.0000
552 	0 	12 	0 	0 	0 	0 	0 	0 	2 	0 	0 	0 	0 	0 	0 	3 	1 	0 	0 	0 	2.0156 	1.4968 	2.5344 	1.0000
553 	0 	0 	0 	0 	0 	0 	0 	0 	0 	11 	0 	0 	4 	0 	0 	3 	0 	0 	0 	0 	1.2178 	0.7881 	1.6476 	1.0000
554 	0 	0 	0 	1 	0 	0 	1 	0 	0 	1 	0 	0 	0 	0 	0 	2 	0 	13 	0 	0 	1.3781 	0.8824 	1.8737 	1.0000
555 	13 	0 	0 	1 	0 	3 	0 	0 	0 	0 	0 	0 	0 	0 	0 	0 	0 	1 	0 	0 	1.2816 	0.8062 	1.7571 	1.0000
556 	0 	0 	0 	0 	0 	0 	0 	0 	0 	0 	0 	0 	0 	6 	9 	0 	0 	0 	3 	0 	1.6265 	1.1832 	2.0698 	1.0000
557 	0 	0 	0 	2 	0 	0 	0 	0 	1 	0 	0 	0 	0 	15 	0 	0 	0 	0 	0 	0 	1.9262 	1.4168 	2.4356 	1.0000
558 	0 	1 	0 	0 	0 	0 	17 	0 	0 	0 	0 	0 	0 	0 	0 	0 	0 	0 	0 	0 	2.6766 	2.1233 	3.2299 	1.0000
559 	0 	0 	0 	0 	0 	0 	0 	14 	0 	0 	0 	0 	0 	0 	0 	0 	1 	2 	0 	1 	1.6410 	1.1391 	2.1429 	1.0000
560 	0 	0 	0 	17 	0 	0 	1 	0 	0 	0 	0 	0 	0 	0 	0 	0 	0 	0 	0 	0 	1.9139 	1.3801 	2.4478 	1.0000
561 	0 	0 	0 	0 	0 	1 	0 	3 	0 	0 	11 	0 	0 	0 	0 	0 	3 	0 	0 	0 	1.7569 	1.2947 	2.2191 	1.0000
562 	0 	0 	1 	0 	0 	0 	0 	0 	0 	0 	0 	0 	0 	0 	0 	17 	0 	0 	0 	0 	1.8072 	1.2843 	2.3300 	1.0000
563 	0 	0 	0 	0 	0 	1 	0 	0 	0 	0 	0 	0 	0 	0 	0 	0 	17 	0 	0 	0 	1.9212 	1.4010 	2.4413 	1.0000
564 	0 	0 	0 	0 	0 	0 	0 	0 	0 	0 	0 	0 	0 	1 	0 	0 	17 	0 	0 	0 	1.9397 	1.4147 	2.4647 	1.0000
565 	0 	0 	0 	0 	0 	17 	0 	0 	0 	0 	0 	0 	0 	0 	0 	1 	0 	0 	0 	0 	1.7691 	1.2484 	2.2899 	1.0000
566 	0 	0 	0 	0 	0 	0 	0 	0 	0 	0 	0 	0 	0 	0 	0 	0 	0 	0 	17 	1 	3.0432 	2.4619 	3.6244 	1.0000
567 	0 	0 	0 	0 	0 	0 	0 	3 	0 	0 	0 	0 	0 	0 	1 	0 	0 	14 	0 	0 	1.5588 	1.0733 	2.0444 	1.0000
568 	0 	0 	0 	0 	0 	18 	0 	0 	0 	0 	0 	0 	0 	0 	0 	0 	0 	0 	0 	0 	1.9025 	1.3847 	2.4203 	1.0000
569 	0 	0 	0 	0 	0 	0 	0 	0 	0 	0 	0 	0 	0 	0 	17 	0 	1 	0 	0 	0 	1.9400 	1.4184 	2.4616 	1.0000
570 	0 	0 	0 	0 	17 	0 	0 	0 	0 	0 	0 	0 	0 	0 	0 	1 	0 	0 	0 	0 	2.2081 	1.6815 	2.7347 	1.0000
571 	0 	0 	0 	0 	0 	0 	0 	0 	0 	0 	0 	0 	0 	0 	17 	1 	0 	0 	0 	0 	1.9348 	1.4143 	2.4553 	1.0000
572 	0 	0 	0 	0 	0 	0 	0 	0 	0 	0 	0 	0 	17 	0 	0 	0 	1 	0 	0 	0 	2.0196 	1.4972 	2.5420 	1.0000
573 	5 	0 	0 	0 	0 	0 	0 	0 	0 	0 	0 	0 	0 	0 	0 	12 	1 	0 	0 	0 	1.3691 	0.9247 	1.8136 	1.0000
574 	0 	0 	0 	17 	0 	0 	0 	0 	0 	0 	0 	0 	0 	0 	0 	0 	1 	0 	0 	0 	1.8801 	1.3586 	2.4016 	1.0000
575 	0 	0 	0 	0 	0 	0 	0 	0 	0 	0 	0 	0 	17 	0 	0 	0 	1 	0 	0 	0 	2.0196 	1.4972 	2.5420 	1.0000
576 	0 	0 	0 	0 	0 	1 	17 	0 	0 	0 	0 	0 	0 	0 	0 	0 	0 	0 	0 	0 	2.6264 	2.0759 	3.1768 	1.0000
577 	0 	0 	0 	0 	17 	0 	0 	0 	1 	0 	0 	0 	0 	0 	0 	0 	0 	0 	0 	0 	2.2138 	1.6867 	2.7410 	1.0000
578 	0 	0 	0 	0 	0 	0 	0 	0 	1 	0 	0 	0 	0 	0 	0 	0 	17 	0 	0 	0 	1.9281 	1.4064 	2.4498 	1.0000
579 	0 	1 	0 	0 	0 	0 	0 	0 	0 	2 	0 	0 	0 	0 	0 	14 	1 	0 	0 	0 	1.4808 	0.9666 	1.9949 	1.0000
580 	0 	0 	17 	0 	0 	0 	0 	0 	0 	0 	0 	0 	0 	1 	0 	0 	0 	0 	0 	0 	2.0041 	1.4790 	2.5293 	1.0000
581 	0 	0 	0 	0 	0 	17 	0 	0 	0 	0 	0 	0 	0 	0 	0 	1 	0 	0 	0 	0 	1.7691 	1.2484 	2.2899 	1.0000
582 	0 	0 	0 	0 	0 	0 	0 	0 	2 	0 	0 	13 	0 	0 	0 	2 	0 	0 	1 	0 	1.6691 	1.1721 	2.1661 	1.0000
583 	0 	0 	0 	0 	0 	0 	0 	0 	0 	0 	0 	0 	0 	0 	0 	18 	0 	0 	0 	0 	1.9344 	1.4168 	2.4520 	1.0000
584 	0 	0 	0 	0 	17 	0 	0 	0 	0 	0 	0 	0 	0 	0 	0 	1 	0 	0 	0 	0 	2.2081 	1.6815 	2.7347 	1.0000
585 	0 	0 	0 	0 	0 	0 	0 	0 	0 	0 	1 	0 	0 	0 	0 	0 	0 	0 	0 	17 	2.3879 	1.8503 	2.9255 	1.0000
586 	0 	0 	0 	0 	0 	0 	0 	0 	17 	0 	0 	0 	0 	0 	0 	0 	1 	0 	0 	0 	1.9400 	1.4184 	2.4616 	1.0000
587 	0 	0 	0 	0 	0 	0 	0 	17 	0 	0 	0 	0 	1 	0 	0 	0 	0 	0 	0 	0 	2.0097 	1.4866 	2.5329 	1.0000
588 	0 	0 	0 	0 	0 	0 	1 	16 	0 	0 	1 	0 	0 	0 	0 	0 	0 	0 	0 	0 	1.9301 	1.3901 	2.4701 	1.0000
589 	0 	0 	0 	0 	0 	0 	0 	0 	0 	0 	0 	0 	0 	0 	0 	17 	0 	0 	1 	0 	1.8589 	1.3127 	2.4051 	1.0000
590 	0 	0 	2 	0 	0 	0 	1 	0 	0 	0 	0 	15 	0 	0 	0 	0 	0 	0 	0 	0 	1.9097 	1.3937 	2.4257 	1.0000
591 	0 	0 	0 	14 	0 	1 	0 	0 	2 	0 	0 	0 	0 	1 	0 	0 	0 	0 	0 	0 	1.5343 	1.0350 	2.0335 	1.0000
592 	0 	0 	4 	13 	0 	0 	0 	0 	1 	0 	0 	0 	0 	0 	0 	0 	0 	0 	0 	0 	1.5419 	1.0779 	2.0060 	1.0000
593 	0 	0 	0 	0 	0 	17 	0 	0 	0 	0 	0 	0 	0 	0 	0 	0 	1 	0 	0 	0 	1.7743 	1.2520 	2.2966 	1.0000
594 	0 	0 	0 	0 	0 	0 	0 	0 	0 	0 	0 	0 	1 	0 	0 	0 	0 	0 	0 	17 	2.3615 	1.8282 	2.8947 	1.0000
595 	0 	0 	0 	1 	0 	0 	0 	0 	6 	0 	0 	0 	0 	0 	11 	0 	0 	0 	0 	0 	1.4979 	1.0691 	1.9267 	1.0000
596 	0 	0 	0 	0 	0 	0 	16 	0 	0 	0 	0 	1 	0 	1 	0 	0 	0 	0 	0 	0 	2.4760 	1.9254 	3.0265 	1.0000
597 	0 	0 	0 	0 	1 	0 	0 	17 	0 	0 	0 	0 	0 	0 	0 	0 	0 	0 	0 	0 	2.0187 	1.4932 	2.5441 	1.0000
598 	0 	17 	0 	0 	0 	0 	0 	0 	0 	0 	0 	0 	1 	0 	0 	0 	0 	0 	0 	0 	2.8277 	2.2632 	3.3923 	1.0000
599 	0 	0 	0 	0 	0 	0 	5 	0 	0 	1 	0 	1 	0 	1 	0 	0 	0 	0 	0 	10 	1.7368 	1.2851 	2.1885 	1.0000
600 	1 	0 	0 	0 	17 	0 	0 	0 	0 	0 	0 	0 	0 	0 	0 	0 	0 	0 	0 	0 	2.2032 	1.6768 	2.7297 	1.0000
601 	0 	0 	0 	0 	0 	1 	0 	0 	0 	0 	0 	0 	2 	15 	0 	0 	0 	0 	0 	0 	1.9328 	1.4236 	2.4420 	1.0000
602 	0 	0 	0 	0 	0 	0 	0 	12 	2 	1 	0 	0 	0 	0 	0 	0 	3 	0 	0 	0 	1.4501 	0.9987 	1.9015 	1.0000
603 	0 	0 	14 	0 	0 	0 	0 	0 	0 	0 	0 	3 	0 	0 	0 	0 	1 	0 	0 	0 	1.7046 	1.2181 	2.1911 	1.0000
604 	0 	0 	0 	0 	0 	0 	0 	0 	16 	0 	1 	0 	0 	1 	0 	0 	0 	0 	0 	0 	1.8468 	1.3130 	2.3805 	1.0000
605 	0 	0 	0 	1 	0 	0 	0 	0 	11 	0 	0 	1 	0 	2 	3 	0 	0 	0 	0 	0 	1.3311 	0.8881 	1.7741 	1.0000
606 	0 	0 	10 	0 	0 	0 	0 	0 	0 	0 	0 	7 	0 	0 	0 	0 	0 	0 	0 	1 	1.6019 	1.1750 	2.0288 	1.0000
607 	0 	18 	0 	0 	0 	0 	0 	0 	0 	0 	0 	0 	0 	0 	0 	0 	0 	0 	0 	0 	3.0155 	2.4586 	3.5724 	1.0000
608 	0 	0 	0 	0 	0 	0 	0 	1 	0 	0 	0 	0 	0 	0 	1 	0 	16 	0 	0 	0 	1.7965 	1.2745 	2.3185 	1.0000
609 	0 	0 	0 	0 	0 	0 	0 	0 	0 	0 	0 	1 	0 	0 	0 	0 	0 	0 	0 	0 	1.1057 	0.5093 	1.7021 	0.0556
610 	0 	0 	0 	0 	0 	0 	0 	0 	0 	0 	0 	0 	1 	0 	0 	0 	0 	0 	0 	0 	1.0859 	0.4900 	1.6817 	0.0556
611 	0 	0 	1 	0 	17 	0 	0 	0 	0 	0 	0 	0 	0 	0 	0 	0 	0 	0 	0 	0 	2.2161 	1.6887 	2.7435 	1.0000
612 	1 	0 	0 	0 	0 	0 	0 	17 	0 	0 	0 	0 	0 	0 	0 	0 	0 	0 	0 	0 	1.9956 	1.4751 	2.5162 	1.0000
613 	0 	0 	1 	0 	0 	0 	0 	0 	0 	0 	0 	0 	0 	0 	0 	0 	17 	0 	0 	0 	1.9304 	1.4081 	2.4527 	1.0000
614 	0 	0 	0 	0 	0 	0 	0 	0 	18 	0 	0 	0 	0 	0 	0 	0 	0 	0 	0 	0 	2.0784 	1.5608 	2.5961 	1.0000
615 	0 	0 	0 	0 	0 	18 	0 	0 	0 	0 	0 	0 	0 	0 	0 	0 	0 	0 	0 	0 	1.9025 	1.3847 	2.4203 	1.0000
616 	10 	0 	0 	0 	0 	0 	0 	0 	0 	0 	0 	0 	1 	0 	0 	0 	7 	0 	0 	0 	1.3323 	0.9070 	1.7575 	1.0000
617 	0 	0 	0 	0 	0 	0 	0 	0 	0 	0 	0 	0 	0 	0 	0 	0 	0 	0 	18 	0 	3.2270 	2.6532 	3.8007 	1.0000
618 	0 	1 	0 	17 	0 	0 	0 	0 	0 	0 	0 	0 	0 	0 	0 	0 	0 	0 	0 	0 	1.9240 	1.3854 	2.4625 	1.0000
619 	0 	0 	0 	0 	1 	0 	0 	0 	0 	0 	0 	0 	0 	0 	0 	0 	0 	17 	0 	0 	1.8487 	1.3228 	2.3747 	1.0000
620 	0 	0 	0 	0 	0 	0 	0 	17 	0 	0 	0 	0 	0 	0 	0 	0 	1 	0 	0 	0 	2.0057 	1.4835 	2.5279 	1.0000
621 	0 	0 	0 	0 	0 	16 	0 	0 	0 	0 	0 	0 	0 	0 	0 	1 	1 	0 	0 	0 	1.6435 	1.1227 	2.1643 	1.0000
622 	0 	0 	1 	0 	0 	0 	0 	17 	0 	0 	0 	0 	0 	0 	0 	0 	0 	0 	0 	0 	2.0085 	1.4857 	2.5313 	1.0000
623 	0 	0 	0 	17 	0 	0 	0 	0 	0 	0 	0 	0 	1 	0 	0 	0 	0 	0 	0 	0 	1.8842 	1.3615 	2.4068 	1.0000
624 	17 	0 	0 	0 	0 	0 	0 	0 	0 	0 	0 	0 	0 	0 	0 	1 	0 	0 	0 	0 	1.6779 	1.1557 	2.2001 	1.0000
625 	0 	0 	0 	0 	0 	0 	0 	0 	0 	17 	0 	0 	0 	0 	0 	0 	0 	1 	0 	0 	1.6144 	1.0901 	2.1388 	1.0000
626 	0 	0 	0 	0 	0 	0 	0 	0 	0 	0 	0 	0 	0 	0 	1 	0 	17 	0 	0 	0 	1.9281 	1.4064 	2.4498 	1.0000
627 	0 	0 	0 	0 	0 	0 	0 	0 	0 	0 	0 	0 	0 	0 	1 	16 	0 	0 	1 	0 	1.7320 	1.1865 	2.2775 	1.0000
628 	0 	0 	16 	2 	0 	0 	0 	0 	0 	0 	0 	0 	0 	0 	0 	0 	0 	0 	0 	0 	1.8838 	1.3763 	2.3913 	1.0000
629 	0 	0 	0 	0 	0 	0 	0 	0 	0 	0 	0 	0 	0 	0 	0 	0 	0 	0 	0 	18 	2.5212 	1.9929 	3.0496 	1.0000
630 	0 	1 	0 	0 	0 	0 	0 	0 	0 	17 	0 	0 	0 	0 	0 	0 	0 	0 	0 	0 	1.6621 	1.1147 	2.2096 	1.0000
631 	0 	0 	0 	0 	0 	0 	0 	0 	0 	0 	0 	1 	0 	0 	0 	0 	0 	0 	0 	16 	2.3291 	1.7846 	2.8737 	0.9444
632 	0 	0 	0 	0 	0 	0 	0 	0 	0 	1 	0 	0 	0 	0 	0 	0 	0 	0 	0 	16 	2.3067 	1.7623 	2.8511 	0.9444
633 	0 	0 	0 	0 	0 	0 	0 	16 	1 	0 	0 	0 	0 	0 	0 	0 	0 	0 	0 	0 	1.9747 	1.4418 	2.5075 	0.9444
634 	0 	0 	0 	0 	0 	0 	0 	0 	1 	0 	0 	0 	0 	0 	0 	16 	0 	0 	0 	0 	1.7769 	1.2441 	2.3097 	0.9444
635 	0 	1 	0 	0 	0 	0 	0 	0 	0 	0 	0 	16 	0 	0 	0 	0 	0 	0 	0 	0 	2.1381 	1.5899 	2.6864 	0.9444
636 	0 	0 	0 	15 	0 	0 	0 	0 	0 	0 	0 	0 	0 	1 	0 	1 	0 	0 	0 	0 	1.7225 	1.1904 	2.2547 	0.9444
637 	0 	0 	0 	0 	0 	1 	1 	0 	0 	0 	0 	0 	0 	0 	0 	0 	0 	0 	0 	15 	2.1826 	1.6348 	2.7305 	0.9444
638 	0 	0 	0 	0 	0 	0 	0 	0 	16 	0 	0 	0 	0 	0 	0 	0 	1 	0 	0 	0 	1.9096 	1.3774 	2.4417 	0.9444
639 	0 	0 	0 	2 	0 	15 	0 	0 	0 	0 	0 	0 	0 	0 	0 	0 	0 	0 	0 	0 	1.6505 	1.1341 	2.1668 	0.9444
640 	0 	0 	0 	0 	0 	1 	0 	2 	1 	0 	13 	0 	0 	0 	0 	0 	0 	0 	0 	0 	2.0384 	1.5075 	2.5693 	0.9444
641 	0 	0 	0 	0 	0 	0 	0 	0 	0 	0 	0 	0 	16 	0 	0 	1 	0 	0 	0 	0 	1.9823 	1.4504 	2.5143 	0.9444
642 	0 	0 	0 	0 	0 	16 	0 	0 	0 	0 	0 	0 	0 	0 	0 	0 	0 	1 	0 	0 	1.7428 	1.2110 	2.2746 	0.9444
643 	1 	0 	0 	0 	0 	16 	0 	0 	0 	0 	0 	0 	0 	0 	0 	0 	0 	0 	0 	0 	1.7363 	1.2063 	2.2664 	0.9444
644 	1 	0 	0 	0 	0 	0 	0 	0 	0 	0 	0 	0 	0 	0 	16 	0 	0 	0 	0 	0 	1.8990 	1.3689 	2.4292 	0.9444
645 	0 	0 	0 	0 	0 	0 	0 	0 	0 	0 	0 	16 	1 	0 	0 	0 	0 	0 	0 	0 	2.0965 	1.5608 	2.6322 	0.9444
646 	0 	0 	0 	0 	0 	0 	0 	0 	0 	16 	0 	0 	1 	0 	0 	0 	0 	0 	0 	0 	1.5980 	1.0593 	2.1367 	0.9444
647 	0 	0 	0 	0 	0 	0 	0 	0 	0 	0 	0 	0 	1 	0 	0 	0 	0 	0 	0 	16 	2.3241 	1.7800 	2.8682 	0.9444
648 	0 	0 	0 	0 	0 	0 	0 	0 	16 	0 	0 	0 	0 	0 	0 	0 	0 	1 	0 	0 	1.9055 	1.3742 	2.4367 	0.9444
649 	1 	0 	0 	0 	0 	0 	0 	17 	0 	0 	0 	0 	0 	0 	0 	0 	0 	0 	0 	0 	1.9956 	1.4751 	2.5162 	1.0000
650 	0 	0 	0 	0 	0 	0 	0 	0 	0 	0 	0 	0 	0 	18 	0 	0 	0 	0 	0 	0 	2.3489 	1.8265 	2.8713 	1.0000
651 	0 	0 	0 	0 	0 	0 	0 	0 	0 	18 	0 	0 	0 	0 	0 	0 	0 	0 	0 	0 	1.7368 	1.2164 	2.2572 	1.0000
652 	0 	0 	0 	0 	0 	0 	0 	0 	0 	0 	0 	4 	1 	0 	0 	12 	1 	0 	0 	0 	1.4017 	0.9411 	1.8623 	1.0000
653 	0 	0 	17 	0 	0 	0 	0 	0 	0 	0 	0 	1 	0 	0 	0 	0 	0 	0 	0 	0 	2.0009 	1.4767 	2.5251 	1.0000
654 	1 	0 	0 	0 	0 	0 	2 	0 	0 	0 	0 	0 	0 	0 	0 	0 	0 	0 	0 	15 	2.1358 	1.6113 	2.6603 	1.0000
655 	0 	0 	0 	1 	0 	0 	0 	0 	0 	0 	0 	0 	0 	0 	0 	0 	17 	0 	0 	0 	1.9256 	1.4045 	2.4467 	1.0000
656 	0 	0 	0 	0 	0 	0 	0 	0 	15 	0 	0 	2 	0 	0 	0 	0 	1 	0 	0 	0 	1.7260 	1.2189 	2.2331 	1.0000
657 	0 	0 	0 	0 	0 	0 	0 	0 	0 	0 	0 	0 	1 	0 	0 	0 	0 	17 	0 	0 	1.8398 	1.3169 	2.3627 	1.0000
658 	0 	0 	0 	0 	0 	0 	0 	0 	2 	0 	2 	0 	0 	0 	0 	1 	13 	0 	0 	0 	1.5370 	1.0468 	2.0272 	1.0000
659 	0 	17 	0 	1 	0 	0 	0 	0 	0 	0 	0 	0 	0 	0 	0 	0 	0 	0 	0 	0 	2.8217 	2.2562 	3.3871 	1.0000
660 	0 	0 	0 	1 	0 	0 	0 	0 	0 	17 	0 	0 	0 	0 	0 	0 	0 	0 	0 	0 	1.6163 	1.0912 	2.1414 	1.0000
661 	0 	0 	1 	0 	0 	0 	0 	0 	0 	0 	0 	0 	0 	0 	0 	17 	0 	0 	0 	0 	1.8072 	1.2843 	2.3300 	1.0000
662 	0 	18 	0 	0 	0 	0 	0 	0 	0 	0 	0 	0 	0 	0 	0 	0 	0 	0 	0 	0 	3.0155 	2.4586 	3.5724 	1.0000
663 	0 	0 	3 	14 	0 	0 	0 	0 	0 	0 	1 	0 	0 	0 	0 	0 	0 	0 	0 	0 	1.6228 	1.1278 	2.1179 	1.0000
664 	0 	0 	0 	0 	1 	0 	0 	0 	0 	17 	0 	0 	0 	0 	0 	0 	0 	0 	0 	0 	1.6313 	1.0999 	2.1627 	1.0000
665 	0 	0 	0 	0 	0 	1 	0 	0 	0 	0 	0 	16 	0 	0 	0 	0 	0 	0 	0 	1 	1.9922 	1.4648 	2.5197 	1.0000
666 	0 	0 	0 	0 	0 	0 	0 	0 	0 	0 	0 	1 	17 	0 	0 	0 	0 	0 	0 	0 	2.0285 	1.5040 	2.5530 	1.0000
667 	0 	0 	3 	14 	0 	1 	0 	0 	0 	0 	0 	0 	0 	0 	0 	0 	0 	0 	0 	0 	1.5859 	1.1027 	2.0692 	1.0000
668 	0 	0 	0 	0 	0 	0 	0 	0 	1 	0 	0 	0 	0 	0 	17 	0 	0 	0 	0 	0 	1.9406 	1.4188 	2.4623 	1.0000
669 	0 	17 	0 	0 	0 	1 	0 	0 	0 	0 	0 	0 	0 	0 	0 	0 	0 	0 	0 	0 	2.8173 	2.2509 	3.3837 	1.0000
670 	0 	0 	0 	0 	0 	0 	0 	0 	0 	0 	0 	0 	0 	17 	0 	0 	0 	0 	0 	1 	2.2148 	1.6846 	2.7450 	1.0000
671 	0 	0 	0 	0 	0 	0 	0 	0 	0 	0 	0 	0 	0 	0 	1 	0 	0 	0 	0 	17 	2.3580 	1.8249 	2.8910 	1.0000
672 	0 	0 	0 	0 	0 	1 	0 	0 	0 	0 	0 	0 	0 	0 	0 	0 	0 	0 	0 	17 	2.3510 	1.8180 	2.8839 	1.0000
673 	1 	0 	0 	0 	0 	0 	0 	0 	1 	0 	0 	0 	0 	0 	0 	16 	0 	0 	0 	0 	1.6674 	1.1479 	2.1868 	1.0000
674 	0 	0 	0 	0 	0 	0 	0 	0 	1 	0 	0 	0 	0 	0 	0 	0 	0 	17 	0 	0 	1.8363 	1.3145 	2.3582 	1.0000
675 	1 	0 	0 	0 	0 	0 	0 	0 	0 	1 	0 	0 	0 	0 	0 	16 	0 	0 	0 	0 	1.6543 	1.1380 	2.1706 	1.0000
676 	0 	0 	0 	0 	17 	0 	0 	0 	0 	0 	0 	0 	0 	0 	0 	0 	1 	0 	0 	0 	2.2133 	1.6862 	2.7404 	1.0000
677 	0 	0 	0 	0 	0 	0 	0 	0 	0 	0 	0 	0 	0 	0 	0 	17 	1 	0 	0 	0 	1.8044 	1.2824 	2.3263 	1.0000
678 	0 	0 	0 	0 	0 	0 	0 	0 	13 	0 	0 	0 	0 	3 	1 	0 	0 	1 	0 	0 	1.5427 	1.0639 	2.0214 	1.0000
679 	0 	0 	1 	14 	0 	2 	0 	0 	0 	0 	0 	0 	0 	0 	0 	0 	1 	0 	0 	0 	1.5157 	1.0193 	2.0121 	1.0000
680 	17 	0 	0 	0 	0 	1 	0 	0 	0 	0 	0 	0 	0 	0 	0 	0 	0 	0 	0 	0 	1.6767 	1.1549 	2.1985 	1.0000
681 	0 	0 	0 	0 	0 	0 	0 	0 	17 	0 	0 	0 	0 	0 	0 	0 	1 	0 	0 	0 	1.9400 	1.4184 	2.4616 	1.0000
682 	0 	0 	0 	0 	0 	0 	0 	0 	0 	0 	0 	0 	1 	0 	0 	0 	0 	0 	0 	17 	2.3615 	1.8282 	2.8947 	1.0000
683 	0 	1 	0 	0 	0 	0 	0 	0 	0 	0 	0 	0 	0 	0 	0 	0 	0 	0 	0 	17 	2.4012 	1.8598 	2.9427 	1.0000
684 	0 	0 	0 	0 	0 	0 	0 	0 	0 	0 	0 	0 	0 	18 	0 	0 	0 	0 	0 	0 	2.3489 	1.8265 	2.8713 	1.0000
685 	0 	0 	0 	1 	0 	0 	0 	0 	0 	17 	0 	0 	0 	0 	0 	0 	0 	0 	0 	0 	1.6163 	1.0912 	2.1414 	1.0000
686 	0 	0 	0 	0 	0 	1 	0 	0 	0 	0 	0 	0 	0 	0 	16 	0 	0 	0 	1 	0 	1.8523 	1.3114 	2.3933 	1.0000
687 	1 	17 	0 	0 	0 	0 	0 	0 	0 	0 	0 	0 	0 	0 	0 	0 	0 	0 	0 	0 	2.8136 	2.2462 	3.3810 	1.0000
688 	1 	0 	0 	0 	0 	0 	0 	0 	0 	0 	0 	0 	0 	0 	0 	16 	0 	0 	1 	0 	1.7214 	1.1780 	2.2647 	1.0000
689 	0 	0 	0 	0 	0 	17 	0 	0 	0 	0 	0 	0 	0 	1 	0 	0 	0 	0 	0 	0 	1.7864 	1.2598 	2.3130 	1.0000
690 	0 	0 	0 	1 	0 	0 	0 	0 	0 	0 	0 	0 	17 	0 	0 	0 	0 	0 	0 	0 	2.0176 	1.4956 	2.5396 	1.0000
691 	0 	0 	0 	0 	0 	17 	0 	0 	0 	0 	0 	0 	1 	0 	0 	0 	0 	0 	0 	0 	1.7784 	1.2547 	2.3020 	1.0000
692 	0 	0 	0 	0 	0 	0 	1 	0 	0 	17 	0 	0 	0 	0 	0 	0 	0 	0 	0 	0 	1.6521 	1.1103 	2.1939 	1.0000
693 	0 	0 	0 	0 	0 	0 	0 	0 	0 	0 	0 	0 	17 	0 	0 	1 	0 	0 	0 	0 	2.0144 	1.4930 	2.5359 	1.0000
694 	0 	0 	0 	0 	0 	0 	1 	0 	0 	17 	0 	0 	0 	0 	0 	0 	0 	0 	0 	0 	1.6521 	1.1103 	2.1939 	1.0000
695 	0 	0 	0 	0 	0 	0 	0 	0 	0 	0 	0 	0 	0 	0 	1 	0 	0 	0 	0 	17 	2.3580 	1.8249 	2.8910 	1.0000
696 	0 	0 	0 	0 	0 	0 	0 	1 	0 	0 	0 	0 	0 	0 	0 	0 	17 	0 	0 	0 	1.9310 	1.4086 	2.4535 	1.0000
697 	0 	0 	0 	0 	1 	0 	0 	0 	0 	17 	0 	0 	0 	0 	0 	0 	0 	0 	0 	0 	1.6313 	1.0999 	2.1627 	1.0000
698 	0 	0 	0 	0 	0 	0 	17 	0 	0 	0 	0 	0 	0 	0 	0 	0 	1 	0 	0 	0 	2.6328 	2.0831 	3.1825 	1.0000
699 	0 	0 	0 	0 	0 	0 	0 	0 	0 	0 	0 	4 	1 	0 	4 	9 	0 	0 	0 	0 	1.2402 	0.8465 	1.6339 	1.0000
700 	0 	0 	0 	1 	0 	0 	0 	0 	0 	0 	0 	0 	0 	0 	0 	17 	0 	0 	0 	0 	1.8023 	1.2810 	2.3237 	1.0000
701 	0 	0 	0 	0 	0 	1 	0 	0 	0 	0 	1 	1 	0 	0 	0 	3 	5 	7 	0 	0 	1.0359 	0.6613 	1.4105 	1.0000
702 	0 	0 	4 	0 	0 	0 	0 	0 	0 	0 	0 	11 	0 	0 	0 	3 	0 	0 	0 	0 	1.5324 	1.1090 	1.9558 	1.0000
703 	0 	0 	15 	0 	0 	0 	2 	0 	0 	0 	0 	0 	1 	0 	0 	0 	0 	0 	0 	0 	1.8289 	1.3076 	2.3502 	1.0000
704 	0 	0 	0 	0 	0 	0 	0 	0 	15 	0 	0 	0 	0 	0 	1 	0 	2 	0 	0 	0 	1.7070 	1.2027 	2.2112 	1.0000
705 	1 	0 	0 	10 	0 	7 	0 	0 	0 	0 	0 	0 	0 	0 	0 	0 	0 	0 	0 	0 	1.3707 	0.9540 	1.7874 	1.0000
706 	0 	0 	0 	0 	0 	1 	0 	0 	0 	0 	0 	0 	0 	0 	0 	0 	0 	0 	0 	0 	1.0429 	0.4331 	1.6526 	0.0556
707 	0 	0 	0 	0 	0 	0 	0 	0 	0 	1 	0 	0 	0 	0 	0 	0 	0 	0 	0 	0 	1.0177 	0.3875 	1.6480 	0.0556
708 	0 	0 	0 	1 	0 	0 	0 	0 	0 	0 	0 	0 	0 	0 	0 	0 	0 	0 	0 	0 	1.0609 	0.4598 	1.6620 	0.0556
709 	0 	0 	0 	0 	0 	0 	0 	0 	1 	0 	0 	0 	0 	0 	0 	0 	0 	0 	0 	0 	1.0715 	0.4735 	1.6694 	0.0556
710 	0 	0 	0 	0 	0 	0 	0 	0 	0 	14 	0 	1 	3 	0 	0 	0 	0 	0 	0 	0 	1.3924 	0.8952 	1.8896 	1.0000
711 	0 	0 	0 	0 	0 	0 	0 	0 	0 	1 	0 	0 	0 	0 	16 	0 	0 	0 	0 	1 	1.8115 	1.2866 	2.3365 	1.0000
712 	0 	1 	0 	0 	0 	0 	0 	0 	0 	0 	0 	0 	0 	0 	0 	0 	0 	17 	0 	0 	1.8796 	1.3401 	2.4191 	1.0000
713 	0 	0 	0 	0 	0 	0 	0 	0 	0 	17 	0 	0 	0 	0 	1 	0 	0 	0 	0 	0 	1.6189 	1.0928 	2.1449 	1.0000
714 	0 	0 	0 	17 	0 	0 	0 	0 	0 	0 	0 	1 	0 	0 	0 	0 	0 	0 	0 	0 	1.8890 	1.3649 	2.4132 	1.0000
715 	0 	0 	13 	0 	0 	0 	0 	0 	0 	0 	0 	4 	1 	0 	0 	0 	0 	0 	0 	0 	1.6586 	1.1920 	2.1253 	1.0000
716 	0 	0 	1 	0 	0 	0 	0 	0 	0 	0 	0 	17 	0 	0 	0 	0 	0 	0 	0 	0 	2.1288 	1.6038 	2.6537 	1.0000
717 	0 	0 	0 	0 	0 	1 	0 	0 	0 	0 	0 	0 	0 	0 	0 	17 	0 	0 	0 	0 	1.7979 	1.2778 	2.3180 	1.0000
718 	14 	0 	4 	0 	0 	0 	0 	0 	0 	0 	0 	0 	0 	0 	0 	0 	0 	0 	0 	0 	1.5043 	1.0288 	1.9798 	1.0000
719 	0 	0 	0 	0 	0 	0 	0 	0 	0 	17 	0 	0 	0 	0 	0 	0 	0 	1 	0 	0 	1.6144 	1.0901 	2.1388 	1.0000
720 	0 	0 	16 	0 	0 	1 	0 	0 	0 	0 	0 	1 	0 	0 	0 	0 	0 	0 	0 	0 	1.8555 	1.3330 	2.3779 	1.0000
721 	0 	0 	0 	0 	0 	1 	0 	0 	13 	0 	0 	0 	0 	3 	1 	0 	0 	0 	0 	0 	1.5401 	1.0617 	2.0186 	1.0000
722 	0 	0 	0 	0 	0 	0 	0 	0 	0 	0 	16 	0 	1 	0 	0 	0 	0 	1 	0 	0 	2.3948 	1.8482 	2.9414 	1.0000
723 	0 	0 	0 	0 	0 	0 	0 	0 	0 	17 	0 	0 	0 	0 	0 	0 	0 	0 	1 	0 	1.6729 	1.1189 	2.2269 	1.0000
724 	0 	1 	0 	0 	0 	0 	0 	0 	0 	0 	0 	0 	0 	17 	0 	0 	0 	0 	0 	0 	2.2388 	1.7010 	2.7766 	1.0000
725 	0 	0 	7 	0 	0 	0 	0 	0 	0 	0 	0 	10 	0 	0 	0 	0 	0 	0 	0 	1 	1.6262 	1.1995 	2.0528 	1.0000
726 	0 	0 	0 	0 	0 	0 	0 	1 	0 	0 	0 	0 	0 	0 	0 	0 	1 	16 	0 	0 	1.7098 	1.1874 	2.2321 	1.0000
727 	0 	0 	0 	0 	0 	0 	0 	0 	0 	0 	0 	0 	0 	17 	0 	0 	1 	0 	0 	0 	2.1949 	1.6685 	2.7214 	1.0000
728 	0 	0 	0 	0 	0 	0 	0 	0 	0 	0 	17 	1 	0 	0 	0 	0 	0 	0 	0 	0 	2.5775 	2.0324 	3.1225 	1.0000
729 	0 	0 	0 	0 	0 	0 	0 	0 	0 	0 	0 	0 	18 	0 	0 	0 	0 	0 	0 	0 	2.1629 	1.6444 	2.6814 	1.0000
730 	0 	0 	0 	0 	0 	0 	0 	0 	0 	0 	0 	0 	0 	0 	1 	17 	0 	0 	0 	0 	1.8049 	1.2828 	2.3270 	1.0000
731 	0 	0 	0 	0 	0 	0 	0 	0 	18 	0 	0 	0 	0 	0 	0 	0 	0 	0 	0 	0 	2.0784 	1.5608 	2.5961 	1.0000
732 	0 	0 	0 	0 	0 	0 	0 	0 	13 	1 	0 	0 	0 	0 	0 	0 	3 	1 	0 	0 	1.4878 	1.0156 	1.9599 	1.0000
733 	0 	0 	0 	0 	1 	0 	0 	0 	0 	17 	0 	0 	0 	0 	0 	0 	0 	0 	0 	0 	1.6313 	1.0999 	2.1627 	1.0000
734 	0 	0 	18 	0 	0 	0 	0 	0 	0 	0 	0 	0 	0 	0 	0 	0 	0 	0 	0 	0 	2.1337 	1.6155 	2.6518 	1.0000
735 	0 	1 	0 	0 	15 	0 	0 	0 	0 	0 	0 	0 	0 	0 	0 	1 	0 	0 	0 	1 	1.9696 	1.4340 	2.5051 	1.0000
736 	0 	1 	0 	0 	0 	0 	0 	16 	0 	0 	0 	0 	0 	0 	0 	0 	0 	1 	0 	0 	1.9058 	1.3703 	2.4412 	1.0000
737 	0 	0 	1 	0 	0 	0 	3 	12 	0 	0 	0 	0 	0 	0 	0 	0 	0 	2 	0 	0 	1.5688 	1.0949 	2.0426 	1.0000
738 	0 	0 	0 	0 	0 	0 	0 	0 	0 	17 	0 	0 	0 	0 	0 	0 	0 	1 	0 	0 	1.6144 	1.0901 	2.1388 	1.0000
739 	0 	0 	0 	0 	0 	0 	4 	0 	0 	0 	0 	13 	1 	0 	0 	0 	0 	0 	0 	0 	1.8719 	1.3866 	2.3573 	1.0000
740 	0 	0 	0 	13 	0 	3 	0 	0 	0 	0 	0 	0 	0 	2 	0 	0 	0 	0 	0 	0 	1.4978 	1.0302 	1.9654 	1.0000
741 	0 	1 	0 	0 	0 	0 	0 	0 	0 	0 	0 	0 	0 	0 	0 	0 	17 	0 	0 	0 	1.9714 	1.4337 	2.5092 	1.0000
742 	1 	0 	0 	0 	0 	0 	0 	0 	15 	0 	0 	0 	0 	0 	2 	0 	0 	0 	0 	0 	1.6976 	1.1949 	2.2002 	1.0000
743 	1 	0 	0 	0 	17 	0 	0 	0 	0 	0 	0 	0 	0 	0 	0 	0 	0 	0 	0 	0 	2.2032 	1.6768 	2.7297 	1.0000
744 	0 	0 	0 	0 	0 	0 	0 	0 	0 	0 	0 	0 	0 	0 	0 	1 	0 	0 	17 	0 	3.0181 	2.4324 	3.6037 	1.0000
745 	0 	0 	0 	0 	0 	0 	0 	0 	0 	0 	0 	0 	0 	0 	0 	1 	0 	0 	0 	17 	2.3522 	1.8193 	2.8851 	1.0000
746 	0 	0 	0 	0 	1 	0 	0 	0 	0 	0 	0 	0 	0 	17 	0 	0 	0 	0 	0 	0 	2.2079 	1.6793 	2.7365 	1.0000
747 	0 	0 	1 	0 	0 	0 	0 	0 	0 	0 	17 	0 	0 	0 	0 	0 	0 	0 	0 	0 	2.5714 	2.0263 	3.1165 	1.0000
748 	0 	1 	0 	0 	0 	0 	0 	17 	0 	0 	0 	0 	0 	0 	0 	0 	0 	0 	0 	0 	2.0495 	1.5125 	2.5865 	1.0000
749 	0 	0 	0 	0 	0 	1 	0 	0 	0 	17 	0 	0 	0 	0 	0 	0 	0 	0 	0 	0 	1.6119 	1.0885 	2.1353 	1.0000
750 	0 	0 	0 	0 	0 	0 	0 	0 	1 	0 	0 	0 	17 	0 	0 	0 	0 	0 	0 	0 	2.0202 	1.4977 	2.5427 	1.0000
751 	0 	0 	0 	0 	0 	0 	0 	0 	0 	0 	0 	0 	18 	0 	0 	0 	0 	0 	0 	0 	2.1629 	1.6444 	2.6814 	1.0000
752 	0 	0 	0 	0 	0 	0 	17 	0 	0 	0 	0 	0 	0 	1 	0 	0 	0 	0 	0 	0 	2.6449 	2.0955 	3.1942 	1.0000
753 	0 	0 	0 	0 	17 	0 	0 	0 	0 	0 	0 	0 	0 	0 	0 	0 	0 	1 	0 	0 	2.2094 	1.6827 	2.7361 	1.0000
754 	0 	0 	17 	1 	0 	0 	0 	0 	0 	0 	0 	0 	0 	0 	0 	0 	0 	0 	0 	0 	1.9900 	1.4684 	2.5116 	1.0000
755 	0 	0 	0 	0 	0 	0 	0 	0 	15 	0 	0 	0 	0 	0 	0 	1 	1 	0 	0 	0 	1.7648 	1.2363 	2.2934 	0.9444
756 	0 	0 	0 	0 	0 	0 	0 	0 	0 	0 	0 	0 	1 	0 	0 	17 	0 	0 	0 	0 	1.8084 	1.2852 	2.3316 	1.0000
757 	0 	0 	0 	0 	0 	0 	0 	0 	18 	0 	0 	0 	0 	0 	0 	0 	0 	0 	0 	0 	2.0784 	1.5608 	2.5961 	1.0000
758 	0 	0 	0 	0 	0 	0 	0 	0 	18 	0 	0 	0 	0 	0 	0 	0 	0 	0 	0 	0 	2.0784 	1.5608 	2.5961 	1.0000
759 	0 	1 	0 	0 	0 	0 	0 	0 	0 	0 	0 	0 	0 	0 	0 	0 	0 	0 	0 	17 	2.4012 	1.8598 	2.9427 	1.0000
760 	0 	0 	0 	0 	0 	0 	0 	0 	0 	0 	0 	0 	18 	0 	0 	0 	0 	0 	0 	0 	2.1629 	1.6444 	2.6814 	1.0000
761 	0 	0 	0 	0 	0 	1 	0 	0 	0 	0 	0 	0 	0 	0 	0 	0 	0 	0 	0 	0 	1.0429 	0.4331 	1.6526 	0.0556
762 	0 	0 	0 	0 	0 	0 	0 	0 	0 	0 	0 	0 	0 	0 	1 	0 	0 	0 	0 	0 	1.0715 	0.4735 	1.6694 	0.0556
763 	0 	0 	0 	0 	0 	0 	0 	0 	0 	0 	0 	0 	0 	0 	0 	0 	0 	1 	0 	0 	1.0532 	0.4490 	1.6574 	0.0556
764 	0 	0 	0 	0 	0 	0 	0 	0 	0 	0 	0 	0 	0 	0 	0 	0 	0 	1 	0 	0 	1.0532 	0.4490 	1.6574 	0.0556
765 	0 	0 	0 	0 	0 	1 	0 	0 	0 	0 	0 	0 	0 	0 	0 	0 	0 	0 	0 	0 	1.0429 	0.4331 	1.6526 	0.0556
766 	0 	0 	0 	0 	0 	1 	0 	0 	0 	0 	0 	0 	0 	0 	0 	0 	0 	0 	0 	0 	1.0429 	0.4331 	1.6526 	0.0556
767 	0 	1 	0 	0 	0 	0 	0 	0 	0 	0 	0 	0 	0 	0 	0 	0 	0 	0 	0 	0 	1.2492 	0.5685 	1.9300 	0.0556
768 	0 	0 	0 	0 	0 	0 	0 	0 	0 	0 	0 	0 	0 	0 	0 	0 	0 	1 	0 	0 	1.0532 	0.4490 	1.6574 	0.0556
769 	1 	0 	0 	0 	0 	0 	0 	0 	0 	17 	0 	0 	0 	0 	0 	0 	0 	0 	0 	0 	1.6083 	1.0861 	2.1304 	1.0000
770 	0 	0 	0 	0 	0 	0 	0 	0 	0 	17 	0 	0 	0 	0 	0 	0 	0 	0 	0 	1 	1.6382 	1.1036 	2.1729 	1.0000
771 	0 	0 	0 	0 	0 	0 	0 	4 	0 	13 	0 	0 	1 	0 	0 	0 	0 	0 	0 	0 	1.3514 	0.8761 	1.8267 	1.0000
772 	0 	0 	13 	4 	0 	0 	1 	0 	0 	0 	0 	0 	0 	0 	0 	0 	0 	0 	0 	0 	1.6360 	1.1617 	2.1102 	1.0000
773 	0 	0 	0 	0 	0 	0 	0 	0 	0 	0 	0 	0 	0 	0 	0 	1 	0 	17 	0 	0 	1.8306 	1.3103 	2.3508 	1.0000
774 	0 	0 	0 	0 	0 	0 	0 	0 	0 	0 	0 	0 	0 	0 	0 	0 	0 	0 	1 	17 	2.4120 	1.8668 	2.9572 	1.0000
775 	17 	0 	0 	0 	0 	0 	0 	0 	0 	0 	0 	0 	1 	0 	0 	0 	0 	0 	0 	0 	1.6872 	1.1616 	2.2127 	1.0000
776 	0 	0 	0 	0 	0 	17 	0 	0 	0 	0 	0 	0 	0 	0 	0 	0 	0 	0 	1 	0 	1.8289 	1.2817 	2.3761 	1.0000
777 	0 	0 	0 	0 	0 	0 	0 	0 	0 	0 	0 	0 	17 	1 	0 	0 	0 	0 	0 	0 	2.0317 	1.5064 	2.5570 	1.0000
778 	0 	17 	0 	0 	0 	0 	0 	1 	0 	0 	0 	0 	0 	0 	0 	0 	0 	0 	0 	0 	2.8271 	2.2625 	3.3917 	1.0000
779 	0 	0 	0 	0 	0 	0 	0 	0 	0 	0 	0 	0 	0 	0 	0 	18 	0 	0 	0 	0 	1.9344 	1.4168 	2.4520 	1.0000
780 	0 	0 	0 	0 	0 	0 	0 	0 	0 	1 	0 	0 	0 	17 	0 	0 	0 	0 	0 	0 	2.1824 	1.6566 	2.7082 	1.0000
781 	0 	0 	0 	0 	0 	0 	0 	0 	17 	0 	0 	0 	0 	0 	1 	0 	0 	0 	0 	0 	1.9406 	1.4188 	2.4623 	1.0000
782 	17 	0 	0 	0 	0 	0 	0 	0 	0 	0 	0 	0 	0 	0 	0 	0 	1 	0 	0 	0 	1.6831 	1.1591 	2.2071 	1.0000
783 	0 	0 	17 	0 	0 	0 	0 	0 	0 	0 	0 	0 	0 	0 	1 	0 	0 	0 	0 	0 	1.9926 	1.4704 	2.5147 	1.0000
784 	13 	0 	0 	0 	0 	0 	0 	0 	0 	1 	0 	0 	0 	0 	0 	0 	4 	0 	0 	0 	1.3669 	0.9022 	1.8316 	1.0000
785 	1 	0 	0 	0 	0 	1 	0 	7 	0 	0 	0 	0 	0 	0 	0 	1 	0 	8 	0 	0 	1.2177 	0.8169 	1.6184 	1.0000
786 	0 	0 	0 	0 	17 	0 	0 	0 	0 	0 	1 	0 	0 	0 	0 	0 	0 	0 	0 	0 	2.2438 	1.7102 	2.7774 	1.0000
787 	0 	0 	0 	0 	0 	0 	1 	0 	0 	0 	0 	0 	0 	0 	17 	0 	0 	0 	0 	0 	1.9738 	1.4407 	2.5069 	1.0000
788 	0 	0 	0 	0 	1 	0 	0 	0 	0 	17 	0 	0 	0 	0 	0 	0 	0 	0 	0 	0 	1.6313 	1.0999 	2.1627 	1.0000
789 	0 	1 	0 	0 	0 	0 	0 	0 	0 	0 	0 	17 	0 	0 	0 	0 	0 	0 	0 	0 	2.1698 	1.6327 	2.7068 	1.0000
790 	0 	0 	0 	0 	0 	1 	0 	0 	0 	0 	0 	0 	0 	0 	0 	0 	0 	0 	17 	0 	3.0169 	2.4308 	3.6029 	1.0000
791 	17 	0 	0 	0 	0 	1 	0 	0 	0 	0 	0 	0 	0 	0 	0 	0 	0 	0 	0 	0 	1.6767 	1.1549 	2.1985 	1.0000
792 	0 	0 	0 	0 	0 	0 	0 	0 	0 	0 	0 	0 	0 	0 	0 	0 	18 	0 	0 	0 	2.0653 	1.5477 	2.5828 	1.0000
793 	0 	0 	0 	0 	0 	0 	0 	0 	0 	1 	0 	0 	0 	0 	0 	0 	0 	0 	0 	17 	2.3449 	1.8115 	2.8783 	1.0000
794 	0 	0 	0 	0 	0 	0 	0 	1 	0 	17 	0 	0 	0 	0 	0 	0 	0 	0 	0 	0 	1.6217 	1.0945 	2.1490 	1.0000
795 	17 	0 	0 	0 	0 	0 	0 	0 	0 	0 	0 	0 	0 	0 	0 	1 	0 	0 	0 	0 	1.6779 	1.1557 	2.2001 	1.0000
796 	0 	0 	0 	0 	0 	0 	0 	0 	0 	0 	0 	0 	1 	0 	0 	17 	0 	0 	0 	0 	1.8084 	1.2852 	2.3316 	1.0000
797 	0 	0 	0 	1 	0 	0 	0 	0 	0 	0 	0 	0 	0 	0 	0 	0 	17 	0 	0 	0 	1.9256 	1.4045 	2.4467 	1.0000
798 	0 	0 	0 	17 	0 	0 	0 	0 	0 	0 	0 	0 	0 	0 	0 	0 	0 	0 	1 	0 	1.9347 	1.3906 	2.4789 	1.0000
799 	0 	0 	0 	0 	0 	0 	0 	0 	0 	0 	0 	17 	0 	0 	0 	0 	0 	1 	0 	0 	2.1220 	1.5981 	2.6460 	1.0000
800 	0 	0 	0 	0 	0 	0 	0 	17 	0 	1 	0 	0 	0 	0 	0 	0 	0 	0 	0 	0 	1.9932 	1.4728 	2.5135 	1.0000
801 	0 	0 	0 	0 	0 	0 	0 	17 	0 	0 	0 	0 	0 	0 	0 	0 	1 	0 	0 	0 	2.0057 	1.4835 	2.5279 	1.0000
802 	1 	0 	0 	0 	0 	0 	0 	0 	0 	0 	0 	0 	0 	0 	0 	0 	0 	17 	0 	0 	1.8257 	1.3066 	2.3449 	1.0000
803 	18 	0 	0 	0 	0 	0 	0 	0 	0 	0 	0 	0 	0 	0 	0 	0 	0 	0 	0 	0 	1.8056 	1.2866 	2.3246 	1.0000
804 	0 	0 	0 	0 	0 	0 	1 	0 	0 	0 	0 	0 	0 	0 	0 	17 	0 	0 	0 	0 	1.8382 	1.3028 	2.3735 	1.0000
805 	0 	1 	0 	0 	17 	0 	0 	0 	0 	0 	0 	0 	0 	0 	0 	0 	0 	0 	0 	0 	2.2571 	1.7190 	2.7952 	1.0000
806 	0 	0 	17 	0 	0 	0 	0 	0 	0 	1 	0 	0 	0 	0 	0 	0 	0 	0 	0 	0 	1.9795 	1.4594 	2.4996 	1.0000
807 	0 	0 	0 	1 	0 	17 	0 	0 	0 	0 	0 	0 	0 	0 	0 	0 	0 	0 	0 	0 	1.7723 	1.2506 	2.2940 	1.0000
808 	0 	0 	0 	0 	0 	0 	0 	0 	1 	0 	0 	0 	0 	0 	17 	0 	0 	0 	0 	0 	1.9406 	1.4188 	2.4623 	1.0000
809 	0 	0 	0 	0 	0 	17 	0 	0 	0 	0 	0 	0 	0 	0 	0 	1 	0 	0 	0 	0 	1.7691 	1.2484 	2.2899 	1.0000
810 	0 	0 	0 	0 	0 	0 	0 	0 	0 	0 	0 	0 	0 	0 	0 	18 	0 	0 	0 	0 	1.9344 	1.4168 	2.4520 	1.0000
811 	0 	0 	0 	0 	0 	17 	0 	0 	0 	0 	0 	0 	0 	0 	1 	0 	0 	0 	0 	0 	1.7749 	1.2524 	2.2973 	1.0000
812 	0 	0 	0 	0 	0 	0 	0 	0 	0 	0 	0 	0 	1 	0 	0 	0 	0 	0 	0 	17 	2.3615 	1.8282 	2.8947 	1.0000
813 	0 	0 	0 	0 	0 	0 	0 	0 	0 	0 	0 	0 	0 	17 	0 	1 	0 	0 	0 	0 	2.1897 	1.6638 	2.7157 	1.0000
814 	0 	0 	0 	0 	1 	17 	0 	0 	0 	0 	0 	0 	0 	0 	0 	0 	0 	0 	0 	0 	1.7873 	1.2604 	2.3142 	1.0000
815 	0 	0 	17 	0 	0 	0 	0 	0 	0 	0 	0 	0 	0 	0 	0 	0 	0 	0 	0 	1 	2.0120 	1.4844 	2.5396 	1.0000
816 	0 	0 	0 	0 	0 	0 	0 	0 	18 	0 	0 	0 	0 	0 	0 	0 	0 	0 	0 	0 	2.0784 	1.5608 	2.5961 	1.0000
817 	0 	0 	0 	0 	0 	0 	0 	17 	0 	0 	0 	0 	0 	0 	0 	0 	0 	1 	0 	0 	2.0018 	1.4803 	2.5233 	1.0000
818 	0 	0 	0 	0 	0 	0 	0 	1 	0 	0 	17 	0 	0 	0 	0 	0 	0 	0 	0 	0 	2.5720 	2.0269 	3.1171 	1.0000
819 	0 	0 	0 	0 	0 	0 	17 	0 	0 	1 	0 	0 	0 	0 	0 	0 	0 	0 	0 	0 	2.6202 	2.0685 	3.1720 	1.0000
820 	17 	0 	0 	0 	0 	1 	0 	0 	0 	0 	0 	0 	0 	0 	0 	0 	0 	0 	0 	0 	1.6767 	1.1549 	2.1985 	1.0000
821 	1 	0 	0 	0 	0 	0 	0 	15 	0 	0 	0 	0 	0 	0 	0 	0 	0 	2 	0 	0 	1.7452 	1.2426 	2.2479 	1.0000
822 	0 	0 	0 	0 	0 	0 	1 	0 	0 	0 	0 	17 	0 	0 	0 	0 	0 	0 	0 	0 	2.1597 	1.6265 	2.6930 	1.0000
823 	0 	0 	0 	0 	0 	0 	0 	0 	0 	0 	0 	0 	0 	0 	18 	0 	0 	0 	0 	0 	2.0784 	1.5608 	2.5961 	1.0000
824 	0 	0 	0 	1 	0 	0 	0 	0 	0 	0 	0 	0 	0 	0 	17 	0 	0 	0 	0 	0 	1.9380 	1.4168 	2.4591 	1.0000
825 	0 	0 	0 	0 	0 	0 	0 	0 	0 	17 	0 	0 	0 	0 	0 	0 	0 	1 	0 	0 	1.6144 	1.0901 	2.1388 	1.0000
826 	0 	0 	0 	0 	0 	17 	1 	0 	0 	0 	0 	0 	0 	0 	0 	0 	0 	0 	0 	0 	1.8081 	1.2720 	2.3442 	1.0000
827 	0 	0 	0 	0 	0 	0 	0 	0 	0 	1 	0 	0 	0 	0 	0 	0 	17 	0 	0 	0 	1.9151 	1.3959 	2.4342 	1.0000
828 	0 	0 	0 	1 	15 	0 	0 	0 	0 	2 	0 	0 	0 	0 	0 	0 	0 	0 	0 	0 	1.9156 	1.4037 	2.4275 	1.0000
829 	0 	0 	0 	17 	0 	0 	0 	0 	0 	0 	0 	0 	1 	0 	0 	0 	0 	0 	0 	0 	1.8842 	1.3615 	2.4068 	1.0000
830 	0 	0 	0 	0 	0 	0 	1 	0 	0 	0 	0 	0 	0 	0 	0 	0 	0 	17 	0 	0 	1.8696 	1.3350 	2.4042 	1.0000
831 	0 	0 	0 	16 	0 	0 	0 	0 	0 	0 	0 	0 	0 	1 	0 	0 	0 	1 	0 	0 	1.7562 	1.2325 	2.2799 	1.0000
832 	0 	0 	17 	0 	0 	0 	0 	0 	0 	0 	0 	0 	0 	1 	0 	0 	0 	0 	0 	0 	2.0041 	1.4790 	2.5293 	1.0000
833 	0 	0 	0 	1 	0 	0 	0 	0 	0 	0 	0 	0 	0 	17 	0 	0 	0 	0 	0 	0 	2.1929 	1.6667 	2.7191 	1.0000
834 	0 	0 	0 	0 	0 	0 	0 	18 	0 	0 	0 	0 	0 	0 	0 	0 	0 	0 	0 	0 	2.1481 	1.6298 	2.6665 	1.0000
835 	0 	0 	1 	17 	0 	0 	0 	0 	0 	0 	0 	0 	0 	0 	0 	0 	0 	0 	0 	0 	1.8830 	1.3607 	2.4052 	1.0000
836 	17 	0 	0 	0 	0 	0 	0 	0 	0 	0 	0 	0 	0 	0 	0 	0 	0 	1 	0 	0 	1.6792 	1.1566 	2.2019 	1.0000
837 	13 	0 	0 	0 	0 	0 	0 	0 	0 	0 	0 	0 	0 	0 	0 	1 	3 	1 	0 	0 	1.3016 	0.8244 	1.7789 	1.0000
838 	0 	0 	0 	0 	0 	0 	0 	0 	1 	0 	0 	0 	0 	0 	17 	0 	0 	0 	0 	0 	1.9406 	1.4188 	2.4623 	1.0000
839 	0 	0 	0 	0 	0 	0 	0 	0 	0 	0 	1 	0 	0 	17 	0 	0 	0 	0 	0 	0 	2.2254 	1.6922 	2.7586 	1.0000
840 	0 	0 	0 	0 	18 	0 	0 	0 	0 	0 	0 	0 	0 	0 	0 	0 	0 	0 	0 	0 	2.3684 	1.8454 	2.8914 	1.0000
841 	0 	0 	0 	0 	0 	0 	0 	0 	0 	1 	0 	0 	0 	0 	0 	16 	0 	1 	0 	0 	1.6604 	1.1427 	2.1782 	1.0000
842 	0 	0 	0 	1 	0 	0 	0 	0 	17 	0 	0 	0 	0 	0 	0 	0 	0 	0 	0 	0 	1.9380 	1.4168 	2.4591 	1.0000
843 	0 	0 	0 	0 	0 	0 	0 	0 	0 	0 	17 	0 	1 	0 	0 	0 	0 	0 	0 	0 	2.5726 	2.0276 	3.1177 	1.0000
844 	1 	0 	0 	0 	0 	17 	0 	0 	0 	0 	0 	0 	0 	0 	0 	0 	0 	0 	0 	0 	1.7643 	1.2449 	2.2837 	1.0000
845 	0 	0 	0 	0 	17 	0 	0 	0 	0 	0 	0 	0 	0 	0 	1 	0 	0 	0 	0 	0 	2.2138 	1.6867 	2.7410 	1.0000
846 	1 	0 	0 	0 	0 	0 	0 	0 	0 	0 	0 	0 	0 	0 	0 	0 	0 	17 	0 	0 	1.8257 	1.3066 	2.3449 	1.0000
847 	0 	0 	18 	0 	0 	0 	0 	0 	0 	0 	0 	0 	0 	0 	0 	0 	0 	0 	0 	0 	2.1337 	1.6155 	2.6518 	1.0000
848 	0 	0 	8 	0 	0 	0 	0 	1 	0 	0 	0 	7 	0 	0 	0 	2 	0 	0 	0 	0 	1.3840 	0.9879 	1.7801 	1.0000
849 	1 	0 	0 	0 	0 	0 	0 	0 	17 	0 	0 	0 	0 	0 	0 	0 	0 	0 	0 	0 	1.9300 	1.4103 	2.4496 	1.0000
850 	0 	0 	0 	0 	0 	0 	0 	0 	0 	1 	0 	0 	0 	0 	17 	0 	0 	0 	0 	0 	1.9275 	1.4082 	2.4468 	1.0000
851 	0 	0 	0 	0 	0 	0 	0 	16 	0 	1 	0 	0 	0 	0 	0 	0 	0 	1 	0 	0 	1.8494 	1.3302 	2.3686 	1.0000
852 	17 	0 	0 	0 	0 	0 	0 	0 	1 	0 	0 	0 	0 	0 	0 	0 	0 	0 	0 	0 	1.6837 	1.1594 	2.2079 	1.0000
853 	0 	0 	0 	0 	0 	0 	0 	16 	0 	1 	0 	0 	0 	0 	0 	0 	0 	1 	0 	0 	1.8494 	1.3302 	2.3686 	1.0000
854 	0 	0 	0 	0 	0 	0 	0 	0 	0 	0 	0 	0 	0 	0 	0 	1 	0 	0 	17 	0 	3.0181 	2.4324 	3.6037 	1.0000
855 	0 	0 	0 	0 	0 	17 	0 	0 	0 	0 	0 	0 	0 	0 	0 	1 	0 	0 	0 	0 	1.7691 	1.2484 	2.2899 	1.0000
856 	0 	0 	0 	0 	0 	0 	0 	0 	0 	0 	0 	0 	1 	0 	0 	0 	0 	0 	17 	0 	3.0273 	2.4440 	3.6107 	1.0000
857 	1 	0 	0 	0 	0 	0 	0 	0 	0 	0 	0 	0 	0 	0 	0 	17 	0 	0 	0 	0 	1.7943 	1.2751 	2.3135 	1.0000
858 	0 	0 	0 	0 	0 	0 	0 	1 	0 	0 	0 	0 	0 	0 	0 	0 	0 	0 	0 	17 	2.3608 	1.8277 	2.8940 	1.0000
859 	0 	0 	0 	0 	0 	17 	0 	1 	0 	0 	0 	0 	0 	0 	0 	0 	0 	0 	0 	0 	1.7778 	1.2543 	2.3012 	1.0000
860 	0 	0 	0 	0 	0 	17 	0 	0 	0 	0 	0 	0 	0 	0 	0 	0 	1 	0 	0 	0 	1.7743 	1.2520 	2.2966 	1.0000
861 	0 	0 	1 	0 	0 	0 	0 	0 	0 	0 	0 	0 	0 	0 	0 	0 	0 	0 	0 	17 	2.3602 	1.8271 	2.8934 	1.0000
862 	0 	0 	0 	0 	0 	0 	0 	0 	1 	0 	0 	0 	0 	0 	0 	0 	0 	17 	0 	0 	1.8363 	1.3145 	2.3582 	1.0000
863 	0 	0 	0 	0 	0 	0 	0 	0 	0 	0 	0 	0 	0 	0 	0 	0 	17 	1 	0 	0 	1.9237 	1.4030 	2.4444 	1.0000
864 	0 	0 	0 	0 	0 	0 	0 	1 	0 	0 	0 	0 	0 	0 	0 	17 	0 	0 	0 	0 	1.8078 	1.2847 	2.3308 	1.0000
865 	0 	0 	0 	0 	0 	0 	0 	0 	0 	0 	17 	0 	1 	0 	0 	0 	0 	0 	0 	0 	2.5726 	2.0276 	3.1177 	1.0000
866 	1 	0 	0 	0 	0 	0 	0 	0 	0 	0 	0 	0 	0 	0 	0 	0 	0 	17 	0 	0 	1.8257 	1.3066 	2.3449 	1.0000
867 	0 	1 	0 	0 	0 	0 	0 	0 	0 	17 	0 	0 	0 	0 	0 	0 	0 	0 	0 	0 	1.6621 	1.1147 	2.2096 	1.0000
868 	0 	0 	0 	0 	0 	17 	0 	0 	0 	1 	0 	0 	0 	0 	0 	0 	0 	0 	0 	0 	1.7618 	1.2429 	2.2806 	1.0000
869 	5 	0 	0 	0 	0 	0 	0 	0 	0 	0 	0 	0 	1 	0 	0 	12 	0 	0 	0 	0 	1.3732 	0.9274 	1.8190 	1.0000
870 	0 	0 	0 	0 	0 	17 	0 	0 	0 	0 	0 	0 	0 	0 	0 	1 	0 	0 	0 	0 	1.7691 	1.2484 	2.2899 	1.0000
871 	0 	0 	0 	0 	0 	0 	0 	0 	0 	0 	0 	0 	1 	0 	0 	17 	0 	0 	0 	0 	1.8084 	1.2852 	2.3316 	1.0000
872 	0 	0 	0 	0 	0 	17 	0 	0 	0 	0 	0 	1 	0 	0 	0 	0 	0 	0 	0 	0 	1.7832 	1.2578 	2.3086 	1.0000
873 	0 	0 	0 	0 	0 	0 	0 	0 	0 	0 	0 	0 	0 	0 	0 	0 	0 	17 	0 	1 	1.8557 	1.3271 	2.3843 	1.0000
874 	0 	0 	0 	0 	17 	0 	0 	0 	0 	0 	0 	0 	0 	0 	0 	0 	0 	1 	0 	0 	2.2094 	1.6827 	2.7361 	1.0000
875 	0 	0 	0 	0 	0 	0 	0 	0 	17 	0 	0 	0 	0 	0 	0 	0 	0 	1 	0 	0 	1.9361 	1.4154 	2.4569 	1.0000
876 	1 	17 	0 	0 	0 	0 	0 	0 	0 	0 	0 	0 	0 	0 	0 	0 	0 	0 	0 	0 	2.8136 	2.2462 	3.3810 	1.0000
877 	0 	0 	1 	0 	0 	17 	0 	0 	0 	0 	0 	0 	0 	0 	0 	0 	0 	0 	0 	0 	1.7772 	1.2539 	2.3004 	1.0000
878 	0 	0 	0 	0 	0 	0 	0 	17 	0 	0 	0 	0 	0 	0 	1 	0 	0 	0 	0 	0 	2.0062 	1.4839 	2.5286 	1.0000
879 	17 	0 	0 	0 	0 	0 	0 	0 	0 	0 	0 	0 	0 	0 	0 	0 	1 	0 	0 	0 	1.6831 	1.1591 	2.2071 	1.0000
880 	0 	0 	0 	1 	0 	0 	0 	0 	0 	0 	0 	0 	0 	0 	0 	0 	0 	17 	0 	0 	1.8338 	1.3126 	2.3549 	1.0000
881 	17 	1 	0 	0 	0 	0 	0 	0 	0 	0 	0 	0 	0 	0 	0 	0 	0 	0 	0 	0 	1.7269 	1.1824 	2.2715 	1.0000
882 	0 	0 	0 	0 	1 	0 	0 	0 	0 	0 	0 	0 	17 	0 	0 	0 	0 	0 	0 	0 	2.0326 	1.5070 	2.5582 	1.0000
883 	0 	0 	0 	0 	0 	0 	0 	1 	0 	0 	0 	0 	0 	0 	0 	0 	0 	17 	0 	0 	1.8392 	1.3165 	2.3619 	1.0000
884 	0 	0 	0 	0 	0 	0 	0 	0 	0 	0 	0 	0 	0 	0 	0 	17 	1 	0 	0 	0 	1.8044 	1.2824 	2.3263 	1.0000
885 	0 	0 	0 	0 	0 	1 	0 	0 	3 	0 	0 	0 	0 	0 	14 	0 	0 	0 	0 	0 	1.6267 	1.1444 	2.1091 	1.0000
886 	0 	0 	0 	0 	0 	0 	0 	0 	0 	0 	0 	0 	0 	0 	0 	0 	0 	0 	18 	0 	3.2270 	2.6532 	3.8007 	1.0000
887 	0 	0 	0 	17 	0 	1 	0 	0 	0 	0 	0 	0 	0 	0 	0 	0 	0 	0 	0 	0 	1.8737 	1.3538 	2.3936 	1.0000
888 	0 	0 	0 	1 	0 	0 	0 	0 	0 	0 	0 	0 	0 	0 	0 	0 	0 	0 	0 	17 	2.3554 	1.8225 	2.8883 	1.0000
889 	0 	0 	0 	0 	0 	0 	0 	0 	0 	0 	0 	0 	0 	0 	0 	0 	1 	0 	0 	17 	2.3574 	1.8244 	2.8904 	1.0000
890 	0 	0 	17 	0 	0 	0 	0 	0 	0 	0 	0 	0 	0 	1 	0 	0 	0 	0 	0 	0 	2.0041 	1.4790 	2.5293 	1.0000
891 	0 	0 	0 	0 	0 	1 	0 	0 	0 	0 	0 	0 	0 	0 	0 	17 	0 	0 	0 	0 	1.7979 	1.2778 	2.3180 	1.0000
892 	0 	0 	0 	0 	0 	0 	0 	0 	0 	0 	0 	0 	0 	0 	0 	0 	1 	17 	0 	0 	1.8358 	1.3141 	2.3575 	1.0000
893 	0 	0 	0 	0 	0 	0 	0 	0 	0 	0 	0 	0 	0 	0 	0 	0 	0 	0 	0 	18 	2.5212 	1.9929 	3.0496 	1.0000
894 	0 	0 	0 	0 	0 	1 	0 	0 	0 	0 	0 	0 	0 	0 	0 	0 	17 	0 	0 	0 	1.9212 	1.4010 	2.4413 	1.0000
895 	1 	0 	0 	17 	0 	0 	0 	0 	0 	0 	0 	0 	0 	0 	0 	0 	0 	0 	0 	0 	1.8701 	1.3509 	2.3893 	1.0000
896 	0 	0 	0 	0 	0 	1 	0 	0 	0 	0 	0 	0 	0 	0 	17 	0 	0 	0 	0 	0 	1.9336 	1.4133 	2.4538 	1.0000
897 	0 	0 	0 	0 	0 	0 	0 	0 	0 	1 	0 	0 	0 	0 	0 	0 	0 	0 	0 	17 	2.3449 	1.8115 	2.8783 	1.0000
898 	0 	0 	0 	0 	0 	0 	0 	0 	0 	1 	17 	0 	0 	0 	0 	0 	0 	0 	0 	0 	2.5560 	2.0092 	3.1029 	1.0000
899 	0 	0 	0 	0 	0 	17 	0 	0 	1 	0 	0 	0 	0 	0 	0 	0 	0 	0 	0 	0 	1.7749 	1.2524 	2.2973 	1.0000
900 	0 	0 	0 	1 	0 	0 	0 	0 	0 	17 	0 	0 	0 	0 	0 	0 	0 	0 	0 	0 	1.6163 	1.0912 	2.1414 	1.0000
901 	1 	0 	0 	0 	0 	0 	0 	0 	0 	0 	0 	0 	17 	0 	0 	0 	0 	0 	0 	0 	2.0096 	1.4887 	2.5304 	1.0000
902 	0 	0 	0 	0 	0 	0 	0 	1 	0 	0 	0 	0 	0 	0 	1 	0 	16 	0 	0 	0 	1.7965 	1.2745 	2.3185 	1.0000
903 	0 	0 	0 	0 	0 	0 	0 	0 	0 	1 	0 	0 	17 	0 	0 	0 	0 	0 	0 	0 	2.0071 	1.4865 	2.5277 	1.0000
904 	0 	0 	0 	17 	0 	0 	0 	0 	0 	0 	0 	0 	1 	0 	0 	0 	0 	0 	0 	0 	1.8842 	1.3615 	2.4068 	1.0000
905 	0 	0 	17 	0 	0 	0 	0 	0 	0 	0 	0 	0 	0 	0 	0 	0 	0 	0 	0 	0 	2.1062 	1.5758 	2.6366 	0.9444
906 	0 	0 	0 	0 	0 	0 	0 	0 	0 	0 	0 	17 	0 	0 	0 	0 	0 	1 	0 	0 	2.1220 	1.5981 	2.6460 	1.0000
907 	0 	0 	0 	0 	0 	0 	0 	1 	0 	17 	0 	0 	0 	0 	0 	0 	0 	0 	0 	0 	1.6217 	1.0945 	2.1490 	1.0000
908 	0 	0 	17 	1 	0 	0 	0 	0 	0 	0 	0 	0 	0 	0 	0 	0 	0 	0 	0 	0 	1.9900 	1.4684 	2.5116 	1.0000
909 	0 	0 	0 	0 	0 	0 	12 	0 	0 	0 	0 	1 	0 	0 	0 	3 	0 	0 	0 	2 	1.9328 	1.4385 	2.4270 	1.0000
910 	0 	0 	0 	0 	0 	0 	0 	0 	1 	0 	0 	0 	0 	0 	0 	0 	0 	0 	0 	17 	2.3580 	1.8249 	2.8910 	1.0000
911 	0 	0 	0 	0 	0 	0 	0 	0 	1 	0 	0 	0 	0 	0 	16 	0 	0 	1 	0 	0 	1.8008 	1.2804 	2.3212 	1.0000
912 	0 	1 	0 	0 	0 	0 	0 	0 	0 	0 	0 	17 	0 	0 	0 	0 	0 	0 	0 	0 	2.1698 	1.6327 	2.7068 	1.0000
913 	0 	0 	0 	0 	0 	0 	0 	0 	0 	0 	0 	1 	0 	0 	0 	17 	0 	0 	0 	0 	1.8132 	1.2883 	2.3381 	1.0000
914 	0 	0 	0 	0 	0 	0 	0 	0 	0 	0 	0 	0 	0 	0 	1 	0 	17 	0 	0 	0 	1.9281 	1.4064 	2.4498 	1.0000
915 	0 	0 	0 	0 	0 	0 	0 	0 	0 	0 	0 	0 	0 	0 	0 	0 	0 	17 	0 	1 	1.8557 	1.3271 	2.3843 	1.0000
916 	0 	0 	0 	1 	0 	0 	0 	0 	0 	0 	17 	0 	0 	0 	0 	0 	0 	0 	0 	0 	2.5666 	2.0212 	3.1119 	1.0000
917 	0 	0 	0 	0 	1 	0 	0 	0 	0 	0 	0 	0 	0 	0 	0 	17 	0 	0 	0 	0 	1.8173 	1.2909 	2.3437 	1.0000
918 	0 	0 	0 	0 	0 	0 	0 	0 	0 	1 	0 	0 	0 	0 	17 	0 	0 	0 	0 	0 	1.9275 	1.4082 	2.4468 	1.0000
919 	17 	0 	0 	0 	0 	0 	0 	0 	0 	0 	0 	1 	0 	0 	0 	0 	0 	0 	0 	0 	1.6920 	1.1645 	2.2195 	1.0000
920 	0 	0 	0 	17 	0 	1 	0 	0 	0 	0 	0 	0 	0 	0 	0 	0 	0 	0 	0 	0 	1.8737 	1.3538 	2.3936 	1.0000
921 	0 	0 	0 	0 	0 	0 	1 	0 	0 	0 	0 	16 	0 	0 	0 	0 	1 	0 	0 	0 	2.0125 	1.4801 	2.5450 	1.0000
922 	0 	0 	0 	0 	17 	0 	0 	0 	0 	0 	0 	0 	0 	0 	0 	0 	0 	1 	0 	0 	2.2094 	1.6827 	2.7361 	1.0000
923 	0 	0 	0 	0 	0 	0 	0 	0 	18 	0 	0 	0 	0 	0 	0 	0 	0 	0 	0 	0 	2.0784 	1.5608 	2.5961 	1.0000
924 	0 	0 	0 	0 	0 	0 	0 	0 	0 	0 	0 	0 	0 	17 	0 	0 	1 	0 	0 	0 	2.1949 	1.6685 	2.7214 	1.0000
925 	0 	0 	0 	0 	0 	0 	0 	0 	0 	0 	0 	0 	0 	0 	0 	0 	1 	17 	0 	0 	1.8358 	1.3141 	2.3575 	1.0000
926 	0 	0 	0 	18 	0 	0 	0 	0 	0 	0 	0 	0 	0 	0 	0 	0 	0 	0 	0 	0 	2.0149 	1.4975 	2.5323 	1.0000
927 	0 	0 	0 	0 	0 	0 	0 	0 	0 	1 	0 	0 	0 	0 	0 	0 	0 	0 	0 	17 	2.3449 	1.8115 	2.8783 	1.0000
928 	0 	1 	0 	0 	0 	0 	0 	0 	0 	17 	0 	0 	0 	0 	0 	0 	0 	0 	0 	0 	1.6621 	1.1147 	2.2096 	1.0000
929 	1 	0 	0 	0 	0 	0 	0 	0 	0 	17 	0 	0 	0 	0 	0 	0 	0 	0 	0 	0 	1.6083 	1.0861 	2.1304 	1.0000
930 	0 	0 	0 	0 	0 	1 	0 	17 	0 	0 	0 	0 	0 	0 	0 	0 	0 	0 	0 	0 	1.9993 	1.4782 	2.5203 	1.0000
931 	0 	0 	0 	0 	0 	0 	18 	0 	0 	0 	0 	0 	0 	0 	0 	0 	0 	0 	0 	0 	2.8132 	2.2699 	3.3564 	1.0000
932 	0 	0 	0 	0 	0 	17 	0 	0 	0 	1 	0 	0 	0 	0 	0 	0 	0 	0 	0 	0 	1.7618 	1.2429 	2.2806 	1.0000
933 	1 	0 	0 	0 	0 	0 	0 	0 	0 	0 	0 	0 	0 	0 	0 	0 	17 	0 	0 	0 	1.9175 	1.3980 	2.4371 	1.0000
934 	17 	0 	0 	0 	0 	1 	0 	0 	0 	0 	0 	0 	0 	0 	0 	0 	0 	0 	0 	0 	1.6767 	1.1549 	2.1985 	1.0000
935 	0 	0 	17 	0 	0 	1 	0 	0 	0 	0 	0 	0 	0 	0 	0 	0 	0 	0 	0 	0 	1.9856 	1.4648 	2.5065 	1.0000
936 	0 	0 	17 	0 	0 	0 	0 	0 	0 	0 	0 	0 	0 	0 	0 	0 	1 	0 	0 	0 	1.9920 	1.4700 	2.5141 	1.0000
937 	0 	0 	1 	0 	0 	0 	0 	0 	0 	0 	0 	17 	0 	0 	0 	0 	0 	0 	0 	0 	2.1288 	1.6038 	2.6537 	1.0000
938 	0 	0 	0 	0 	0 	0 	0 	0 	0 	0 	0 	0 	0 	0 	0 	1 	0 	17 	0 	0 	1.8306 	1.3103 	2.3508 	1.0000
939 	0 	1 	0 	0 	0 	0 	17 	0 	0 	0 	0 	0 	0 	0 	0 	0 	0 	0 	0 	0 	2.6766 	2.1233 	3.2299 	1.0000
940 	0 	0 	0 	0 	17 	0 	0 	0 	0 	0 	0 	0 	0 	1 	0 	0 	0 	0 	0 	0 	2.2254 	1.6965 	2.7543 	1.0000
941 	0 	0 	0 	0 	0 	1 	0 	0 	0 	0 	0 	0 	0 	17 	0 	0 	0 	0 	0 	0 	2.1885 	1.6626 	2.7144 	1.0000
942 	0 	0 	1 	0 	0 	0 	0 	0 	0 	0 	0 	0 	0 	17 	0 	0 	0 	0 	0 	0 	2.1978 	1.6709 	2.7246 	1.0000
943 	0 	0 	0 	0 	0 	0 	0 	0 	0 	0 	0 	0 	0 	0 	0 	18 	0 	0 	0 	0 	1.9344 	1.4168 	2.4520 	1.0000
944 	17 	0 	0 	0 	0 	1 	0 	0 	0 	0 	0 	0 	0 	0 	0 	0 	0 	0 	0 	0 	1.6767 	1.1549 	2.1985 	1.0000
945 	0 	0 	0 	0 	0 	1 	0 	0 	0 	0 	0 	0 	0 	17 	0 	0 	0 	0 	0 	0 	2.1885 	1.6626 	2.7144 	1.0000
946 	0 	0 	0 	0 	0 	0 	0 	17 	0 	0 	0 	0 	1 	0 	0 	0 	0 	0 	0 	0 	2.0097 	1.4866 	2.5329 	1.0000
947 	0 	0 	0 	0 	0 	0 	0 	0 	0 	1 	0 	0 	0 	0 	0 	17 	0 	0 	0 	0 	1.7918 	1.2731 	2.3105 	1.0000
948 	0 	0 	0 	0 	0 	0 	0 	0 	17 	0 	0 	0 	0 	0 	0 	0 	0 	1 	0 	0 	1.9361 	1.4154 	2.4569 	1.0000
949 	17 	1 	0 	0 	0 	0 	0 	0 	0 	0 	0 	0 	0 	0 	0 	0 	0 	0 	0 	0 	1.7269 	1.1824 	2.2715 	1.0000
950 	0 	0 	0 	0 	1 	0 	0 	0 	0 	17 	0 	0 	0 	0 	0 	0 	0 	0 	0 	0 	1.6313 	1.0999 	2.1627 	1.0000
951 	0 	0 	0 	1 	0 	0 	0 	0 	0 	0 	0 	0 	0 	0 	0 	0 	0 	17 	0 	0 	1.8338 	1.3126 	2.3549 	1.0000
952 	0 	0 	16 	1 	0 	0 	0 	0 	1 	0 	0 	0 	0 	0 	0 	0 	0 	0 	0 	0 	1.8515 	1.3304 	2.3727 	1.0000
953 	17 	0 	1 	0 	0 	0 	0 	0 	0 	0 	0 	0 	0 	0 	0 	0 	0 	0 	0 	0 	1.6859 	1.1609 	2.2110 	1.0000
954 	0 	0 	0 	0 	0 	17 	0 	0 	1 	0 	0 	0 	0 	0 	0 	0 	0 	0 	0 	0 	1.7749 	1.2524 	2.2973 	1.0000
955 	0 	0 	0 	0 	0 	0 	0 	0 	0 	0 	0 	0 	0 	0 	0 	0 	0 	17 	0 	1 	1.8557 	1.3271 	2.3843 	1.0000
956 	0 	0 	17 	0 	0 	0 	0 	1 	0 	0 	0 	0 	0 	0 	0 	0 	0 	0 	0 	0 	1.9955 	1.4726 	2.5183 	1.0000
957 	0 	0 	0 	0 	17 	0 	0 	0 	0 	1 	0 	0 	0 	0 	0 	0 	0 	0 	0 	0 	2.2008 	1.6742 	2.7273 	1.0000
958 	0 	0 	0 	0 	0 	0 	0 	0 	0 	0 	0 	0 	0 	18 	0 	0 	0 	0 	0 	0 	2.3489 	1.8265 	2.8713 	1.0000
959 	14 	0 	0 	0 	0 	1 	0 	0 	0 	0 	0 	0 	0 	0 	0 	3 	0 	0 	0 	0 	1.3969 	0.9132 	1.8805 	1.0000
960 	0 	0 	0 	0 	0 	0 	0 	0 	0 	0 	17 	0 	0 	0 	0 	0 	0 	1 	0 	0 	2.5647 	2.0192 	3.1102 	1.0000
961 	0 	0 	0 	0 	0 	0 	0 	0 	0 	0 	0 	0 	0 	0 	0 	0 	1 	0 	17 	0 	3.0233 	2.4391 	3.6075 	1.0000
962 	0 	0 	0 	0 	0 	0 	0 	0 	0 	0 	0 	0 	0 	0 	0 	1 	0 	0 	0 	17 	2.3522 	1.8193 	2.8851 	1.0000
963 	0 	0 	0 	0 	0 	0 	0 	0 	0 	0 	0 	0 	0 	0 	0 	0 	17 	0 	1 	0 	1.9822 	1.4390 	2.5254 	1.0000
964 	0 	0 	17 	0 	0 	1 	0 	0 	0 	0 	0 	0 	0 	0 	0 	0 	0 	0 	0 	0 	1.9856 	1.4648 	2.5065 	1.0000
965 	0 	0 	0 	17 	0 	0 	0 	0 	0 	1 	0 	0 	0 	0 	0 	0 	0 	0 	0 	0 	1.8676 	1.3488 	2.3864 	1.0000
966 	0 	0 	17 	0 	0 	1 	0 	0 	0 	0 	0 	0 	0 	0 	0 	0 	0 	0 	0 	0 	1.9856 	1.4648 	2.5065 	1.0000
967 	0 	1 	0 	0 	0 	0 	17 	0 	0 	0 	0 	0 	0 	0 	0 	0 	0 	0 	0 	0 	2.6766 	2.1233 	3.2299 	1.0000
968 	1 	0 	0 	0 	0 	17 	0 	0 	0 	0 	0 	0 	0 	0 	0 	0 	0 	0 	0 	0 	1.7643 	1.2449 	2.2837 	1.0000
969 	0 	0 	0 	0 	0 	0 	0 	17 	0 	0 	0 	0 	0 	0 	1 	0 	0 	0 	0 	0 	2.0062 	1.4839 	2.5286 	1.0000
970 	17 	0 	0 	0 	0 	0 	0 	0 	0 	0 	0 	0 	1 	0 	0 	0 	0 	0 	0 	0 	1.6872 	1.1616 	2.2127 	1.0000
971 	0 	0 	0 	0 	0 	0 	0 	0 	0 	0 	0 	1 	0 	0 	0 	16 	1 	0 	0 	0 	1.6858 	1.1612 	2.2103 	1.0000
972 	0 	0 	0 	0 	0 	0 	0 	0 	1 	0 	0 	3 	0 	0 	0 	14 	0 	0 	0 	0 	1.5521 	1.0626 	2.0415 	1.0000
973 	1 	0 	0 	0 	0 	0 	0 	0 	0 	0 	0 	0 	1 	0 	0 	0 	16 	0 	0 	0 	1.7865 	1.2663 	2.3067 	1.0000
974 	17 	0 	0 	0 	0 	1 	0 	0 	0 	0 	0 	0 	0 	0 	0 	0 	0 	0 	0 	0 	1.6767 	1.1549 	2.1985 	1.0000
975 	0 	0 	0 	0 	0 	0 	17 	0 	0 	0 	0 	0 	0 	0 	0 	0 	0 	1 	0 	0 	2.6289 	2.0788 	3.1790 	1.0000
976 	0 	0 	0 	0 	0 	0 	0 	0 	0 	0 	0 	0 	0 	17 	0 	0 	0 	0 	0 	1 	2.2148 	1.6846 	2.7450 	1.0000
977 	0 	0 	0 	0 	0 	0 	17 	0 	0 	0 	0 	0 	0 	0 	0 	0 	0 	1 	0 	0 	2.6289 	2.0788 	3.1790 	1.0000
978 	0 	0 	0 	0 	0 	0 	0 	17 	0 	0 	0 	0 	0 	0 	1 	0 	0 	0 	0 	0 	2.0062 	1.4839 	2.5286 	1.0000
979 	0 	0 	0 	0 	0 	0 	0 	0 	0 	0 	0 	0 	0 	0 	0 	0 	0 	1 	0 	17 	2.3535 	1.8206 	2.8864 	1.0000
980 	0 	0 	0 	0 	0 	0 	0 	0 	0 	0 	0 	0 	0 	0 	0 	2 	16 	0 	0 	0 	1.8161 	1.3099 	2.3224 	1.0000
981 	0 	0 	0 	0 	0 	0 	17 	0 	0 	0 	0 	0 	0 	0 	1 	0 	0 	0 	0 	0 	2.6333 	2.0837 	3.1830 	1.0000
982 	0 	0 	0 	0 	1 	0 	0 	0 	0 	0 	17 	0 	0 	0 	0 	0 	0 	0 	0 	0 	2.5816 	2.0363 	3.1268 	1.0000
983 	0 	0 	0 	0 	0 	0 	0 	0 	0 	0 	0 	0 	0 	0 	0 	16 	1 	1 	0 	0 	1.6730 	1.1523 	2.1937 	1.0000
984 	0 	0 	0 	0 	0 	0 	17 	0 	0 	0 	0 	0 	0 	0 	0 	0 	1 	0 	0 	0 	2.6328 	2.0831 	3.1825 	1.0000
985 	0 	0 	0 	0 	17 	0 	0 	0 	0 	0 	0 	0 	0 	0 	0 	0 	0 	0 	1 	0 	2.2679 	1.7255 	2.8103 	1.0000
986 	0 	0 	0 	0 	0 	0 	0 	14 	0 	4 	0 	0 	0 	0 	0 	0 	0 	0 	0 	0 	1.6896 	1.2172 	2.1621 	1.0000
987 	0 	0 	0 	1 	0 	0 	0 	0 	16 	0 	0 	0 	0 	1 	0 	0 	0 	0 	0 	0 	1.8142 	1.2904 	2.3381 	1.0000
988 	0 	0 	0 	0 	0 	1 	0 	0 	0 	0 	0 	0 	0 	17 	0 	0 	0 	0 	0 	0 	2.1885 	1.6626 	2.7144 	1.0000
989 	0 	17 	0 	0 	0 	0 	0 	0 	0 	0 	0 	0 	0 	0 	0 	0 	0 	1 	0 	0 	2.8198 	2.2540 	3.3856 	1.0000
990 	0 	0 	0 	0 	17 	0 	0 	0 	0 	0 	1 	0 	0 	0 	0 	0 	0 	0 	0 	0 	2.2438 	1.7102 	2.7774 	1.0000
991 	0 	0 	0 	0 	0 	0 	0 	0 	0 	0 	0 	0 	0 	0 	1 	17 	0 	0 	0 	0 	1.8049 	1.2828 	2.3270 	1.0000
992 	0 	0 	0 	0 	0 	0 	0 	0 	0 	17 	0 	1 	0 	0 	0 	0 	0 	0 	0 	0 	1.6272 	1.0976 	2.1568 	1.0000
993 	0 	0 	0 	0 	0 	0 	1 	0 	0 	2 	0 	1 	14 	0 	0 	0 	0 	0 	0 	0 	1.6552 	1.1454 	2.1651 	1.0000
# End LogoData
