## LogoData
# First column is position number, counting from zero
# Subsequent columns are raw symbol counts
# Entropy is mean entropy measured in nats.
# Low and High are the 95% confidence limits.
# Weight is the fraction of non-gap symbols in the column.
#	
#	A 	C 	D 	E 	F 	G 	H 	I 	K 	L 	M 	N 	P 	Q 	R 	S 	T 	V 	W 	Y 	Entropy	Low	High	Weight
1 	0 	0 	0 	0 	0 	0 	0 	0 	0 	0 	15 	0 	0 	0 	0 	0 	0 	0 	0 	0 	2.6295 	2.0494 	3.2095 	1.0000
2 	0 	0 	0 	0 	0 	0 	0 	0 	0 	2 	0 	0 	0 	0 	0 	12 	1 	0 	0 	0 	1.4515 	0.9305 	1.9725 	1.0000
3 	0 	0 	0 	0 	0 	12 	0 	0 	0 	0 	0 	0 	0 	0 	0 	3 	0 	0 	0 	0 	1.5026 	0.9949 	2.0104 	1.0000
4 	0 	0 	0 	0 	0 	0 	0 	0 	0 	0 	0 	0 	0 	0 	0 	15 	0 	0 	0 	0 	1.8547 	1.2985 	2.4108 	1.0000
5 	0 	0 	0 	0 	3 	0 	0 	0 	0 	0 	0 	0 	0 	0 	0 	12 	0 	0 	0 	0 	1.5998 	1.0815 	2.1181 	1.0000
6 	0 	0 	0 	0 	0 	0 	0 	0 	0 	0 	0 	0 	0 	0 	0 	0 	0 	0 	15 	0 	3.0915 	2.4712 	3.7119 	1.0000
7 	0 	0 	0 	0 	0 	0 	0 	0 	0 	15 	0 	0 	0 	0 	0 	0 	0 	0 	0 	0 	1.6667 	1.1064 	2.2269 	1.0000
8 	0 	0 	0 	0 	0 	0 	0 	0 	0 	15 	0 	0 	0 	0 	0 	0 	0 	0 	0 	0 	1.6667 	1.1064 	2.2269 	1.0000
9 	0 	0 	0 	0 	0 	0 	0 	0 	0 	14 	0 	0 	1 	0 	0 	0 	0 	0 	0 	0 	1.5440 	0.9823 	2.1058 	1.0000
10 	0 	0 	0 	0 	0 	0 	0 	0 	0 	0 	0 	0 	0 	0 	0 	15 	0 	0 	0 	0 	1.8547 	1.2985 	2.4108 	1.0000
11 	0 	0 	0 	0 	2 	0 	0 	0 	0 	13 	0 	0 	0 	0 	0 	0 	0 	0 	0 	0 	1.4893 	0.9393 	2.0393 	1.0000
12 	7 	0 	0 	0 	0 	0 	0 	0 	0 	0 	0 	0 	0 	0 	0 	0 	0 	8 	0 	0 	1.3494 	0.9042 	1.7947 	1.0000
13 	15 	0 	0 	0 	0 	0 	0 	0 	0 	0 	0 	0 	0 	0 	0 	0 	0 	0 	0 	0 	1.7321 	1.1738 	2.2904 	1.0000
14 	0 	0 	0 	0 	0 	0 	0 	0 	0 	7 	0 	0 	0 	0 	0 	0 	0 	8 	0 	0 	1.3209 	0.8730 	1.7687 	1.0000
15 	0 	0 	0 	0 	0 	0 	0 	0 	0 	0 	0 	0 	0 	0 	0 	0 	15 	0 	0 	0 	1.9794 	1.4236 	2.5351 	1.0000
16 	13 	0 	0 	0 	0 	0 	0 	0 	0 	0 	0 	0 	0 	0 	0 	0 	2 	0 	0 	0 	1.5126 	0.9753 	2.0499 	1.0000
17 	15 	0 	0 	0 	0 	0 	0 	0 	0 	0 	0 	0 	0 	0 	0 	0 	0 	0 	0 	0 	1.7321 	1.1738 	2.2904 	1.0000
18 	0 	0 	0 	0 	0 	0 	0 	0 	0 	0 	0 	0 	0 	15 	0 	0 	0 	0 	0 	0 	2.2502 	1.6895 	2.8110 	1.0000
19 	0 	0 	0 	0 	0 	0 	0 	0 	0 	0 	0 	0 	0 	0 	0 	15 	0 	0 	0 	0 	1.8547 	1.2985 	2.4108 	1.0000
20 	0 	0 	0 	0 	0 	0 	0 	2 	0 	0 	0 	0 	0 	0 	0 	0 	13 	0 	0 	0 	1.7338 	1.2001 	2.2675 	1.0000
21 	0 	0 	0 	0 	0 	0 	0 	7 	0 	0 	0 	0 	0 	0 	0 	0 	5 	0 	0 	0 	1.4826 	1.0032 	1.9619 	0.8000
22 	0 	0 	0 	15 	0 	0 	0 	0 	0 	0 	0 	0 	0 	0 	0 	0 	0 	0 	0 	0 	1.9313 	1.3756 	2.4870 	1.0000
23 	0 	0 	5 	10 	0 	0 	0 	0 	0 	0 	0 	0 	0 	0 	0 	0 	0 	0 	0 	0 	1.5353 	1.0697 	2.0009 	1.0000
24 	0 	0 	0 	0 	0 	0 	0 	0 	0 	8 	0 	0 	0 	7 	0 	0 	0 	0 	0 	0 	1.4681 	0.9988 	1.9374 	1.0000
25 	12 	0 	0 	0 	0 	0 	0 	0 	0 	0 	0 	0 	0 	0 	0 	0 	0 	3 	0 	0 	1.4354 	0.9245 	1.9464 	1.0000
26 	0 	0 	0 	0 	0 	0 	0 	0 	14 	0 	0 	1 	0 	0 	0 	0 	0 	0 	0 	0 	1.8519 	1.2956 	2.4083 	1.0000
27 	0 	0 	0 	0 	0 	0 	0 	1 	0 	0 	0 	0 	0 	0 	0 	0 	14 	0 	0 	0 	1.8340 	1.2793 	2.3886 	1.0000
28 	0 	0 	0 	0 	15 	0 	0 	0 	0 	0 	0 	0 	0 	0 	0 	0 	0 	0 	0 	0 	2.2689 	1.7075 	2.8303 	1.0000
29 	0 	0 	0 	0 	0 	0 	0 	0 	0 	15 	0 	0 	0 	0 	0 	0 	0 	0 	0 	0 	1.6667 	1.1064 	2.2269 	1.0000
30 	0 	0 	6 	9 	0 	0 	0 	0 	0 	0 	0 	0 	0 	0 	0 	0 	0 	0 	0 	0 	1.5160 	1.0647 	1.9673 	1.0000
31 	0 	0 	0 	0 	0 	0 	0 	0 	15 	0 	0 	0 	0 	0 	0 	0 	0 	0 	0 	0 	1.9919 	1.4361 	2.5477 	1.0000
32 	0 	0 	0 	0 	15 	0 	0 	0 	0 	0 	0 	0 	0 	0 	0 	0 	0 	0 	0 	0 	2.2689 	1.7075 	2.8303 	1.0000
33 	0 	0 	0 	0 	0 	0 	0 	0 	0 	0 	0 	15 	0 	0 	0 	0 	0 	0 	0 	0 	2.1803 	1.6216 	2.7390 	1.0000
34 	0 	0 	0 	0 	0 	0 	7 	0 	0 	0 	0 	0 	0 	3 	0 	0 	0 	0 	0 	5 	1.7917 	1.3556 	2.2279 	1.0000
35 	0 	0 	0 	15 	0 	0 	0 	0 	0 	0 	0 	0 	0 	0 	0 	0 	0 	0 	0 	0 	1.9313 	1.3756 	2.4870 	1.0000
36 	15 	0 	0 	0 	0 	0 	0 	0 	0 	0 	0 	0 	0 	0 	0 	0 	0 	0 	0 	0 	1.7321 	1.1738 	2.2904 	1.0000
37 	0 	0 	0 	15 	0 	0 	0 	0 	0 	0 	0 	0 	0 	0 	0 	0 	0 	0 	0 	0 	1.9313 	1.3756 	2.4870 	1.0000
38 	0 	0 	8 	7 	0 	0 	0 	0 	0 	0 	0 	0 	0 	0 	0 	0 	0 	0 	0 	0 	1.5183 	1.0748 	1.9618 	1.0000
39 	0 	0 	0 	0 	0 	0 	0 	0 	0 	15 	0 	0 	0 	0 	0 	0 	0 	0 	0 	0 	1.6667 	1.1064 	2.2269 	1.0000
40 	0 	0 	0 	0 	4 	0 	0 	0 	0 	0 	0 	0 	0 	0 	0 	11 	0 	0 	0 	0 	1.5693 	1.0731 	2.0655 	1.0000
41 	0 	0 	0 	0 	0 	0 	0 	0 	0 	0 	0 	0 	0 	0 	0 	0 	0 	0 	0 	15 	2.4151 	1.8476 	2.9826 	1.0000
42 	0 	0 	0 	0 	0 	0 	0 	0 	0 	0 	0 	0 	0 	15 	0 	0 	0 	0 	0 	0 	2.2502 	1.6895 	2.8110 	1.0000
43 	0 	0 	0 	0 	0 	0 	0 	0 	0 	0 	0 	2 	0 	0 	0 	13 	0 	0 	0 	0 	1.6404 	1.1020 	2.1788 	1.0000
44 	3 	0 	0 	0 	0 	0 	0 	0 	0 	1 	0 	0 	0 	0 	0 	11 	0 	0 	0 	0 	1.3624 	0.8702 	1.8547 	1.0000
45 	0 	0 	0 	0 	0 	0 	0 	0 	0 	15 	0 	0 	0 	0 	0 	0 	0 	0 	0 	0 	1.6667 	1.1064 	2.2269 	1.0000
46 	15 	0 	0 	0 	0 	0 	0 	0 	0 	0 	0 	0 	0 	0 	0 	0 	0 	0 	0 	0 	1.7321 	1.1738 	2.2904 	1.0000
47 	0 	0 	0 	0 	0 	0 	0 	0 	0 	0 	0 	0 	0 	0 	0 	15 	0 	0 	0 	0 	1.8547 	1.2985 	2.4108 	1.0000
48 	0 	0 	0 	0 	0 	0 	0 	0 	0 	0 	0 	0 	0 	0 	0 	0 	0 	0 	15 	0 	3.0915 	2.4712 	3.7119 	1.0000
49 	0 	0 	1 	0 	0 	0 	0 	0 	0 	0 	0 	14 	0 	0 	0 	0 	0 	0 	0 	0 	2.0202 	1.4632 	2.5773 	1.0000
50 	0 	0 	0 	0 	0 	0 	0 	0 	0 	0 	0 	0 	0 	0 	0 	0 	0 	0 	0 	15 	2.4151 	1.8476 	2.9826 	1.0000
51 	0 	0 	0 	0 	0 	0 	0 	0 	0 	0 	0 	15 	0 	0 	0 	0 	0 	0 	0 	0 	2.1803 	1.6216 	2.7390 	1.0000
52 	0 	0 	0 	0 	0 	0 	0 	2 	0 	0 	0 	0 	0 	0 	0 	0 	13 	0 	0 	0 	1.7338 	1.2001 	2.2675 	1.0000
53 	0 	0 	0 	0 	0 	0 	0 	0 	0 	0 	0 	15 	0 	0 	0 	0 	0 	0 	0 	0 	2.1803 	1.6216 	2.7390 	1.0000
54 	0 	0 	0 	0 	0 	0 	0 	15 	0 	0 	0 	0 	0 	0 	0 	0 	0 	0 	0 	0 	2.0584 	1.5021 	2.6148 	1.0000
55 	0 	0 	0 	0 	0 	0 	0 	0 	0 	0 	0 	0 	0 	0 	0 	0 	15 	0 	0 	0 	1.9794 	1.4236 	2.5351 	1.0000
56 	0 	0 	8 	7 	0 	0 	0 	0 	0 	0 	0 	0 	0 	0 	0 	0 	0 	0 	0 	0 	1.5183 	1.0748 	1.9618 	1.0000
57 	0 	0 	0 	15 	0 	0 	0 	0 	0 	0 	0 	0 	0 	0 	0 	0 	0 	0 	0 	0 	1.9313 	1.3756 	2.4870 	1.0000
58 	0 	0 	0 	0 	0 	0 	0 	0 	0 	0 	0 	15 	0 	0 	0 	0 	0 	0 	0 	0 	2.1803 	1.6216 	2.7390 	1.0000
59 	2 	0 	0 	0 	0 	0 	0 	2 	0 	1 	0 	0 	0 	0 	0 	0 	0 	10 	0 	0 	1.2605 	0.7839 	1.7372 	1.0000
60 	0 	0 	0 	0 	0 	0 	0 	0 	0 	0 	0 	0 	0 	15 	0 	0 	0 	0 	0 	0 	2.2502 	1.6895 	2.8110 	1.0000
61 	0 	0 	0 	0 	0 	0 	0 	0 	11 	0 	0 	4 	0 	0 	0 	0 	0 	0 	0 	0 	1.6463 	1.1581 	2.1344 	1.0000
62 	0 	0 	0 	0 	0 	0 	0 	0 	0 	0 	15 	0 	0 	0 	0 	0 	0 	0 	0 	0 	2.6295 	2.0494 	3.2095 	1.0000
63 	0 	0 	0 	0 	0 	0 	0 	0 	0 	0 	0 	15 	0 	0 	0 	0 	0 	0 	0 	0 	2.1803 	1.6216 	2.7390 	1.0000
64 	0 	0 	1 	5 	0 	0 	0 	2 	0 	0 	0 	7 	0 	0 	0 	0 	0 	0 	0 	0 	1.3072 	0.8922 	1.7222 	1.0000
65 	15 	0 	0 	0 	0 	0 	0 	0 	0 	0 	0 	0 	0 	0 	0 	0 	0 	0 	0 	0 	1.7321 	1.1738 	2.2904 	1.0000
66 	1 	0 	0 	1 	0 	11 	0 	0 	0 	0 	0 	0 	0 	0 	1 	1 	0 	0 	0 	0 	1.2737 	0.7580 	1.7894 	1.0000
67 	11 	0 	1 	3 	0 	0 	0 	0 	0 	0 	0 	0 	0 	0 	0 	0 	0 	0 	0 	0 	1.3261 	0.8246 	1.8275 	1.0000
68 	0 	0 	0 	0 	0 	0 	0 	0 	15 	0 	0 	0 	0 	0 	0 	0 	0 	0 	0 	0 	1.9919 	1.4361 	2.5477 	1.0000
69 	0 	0 	0 	0 	0 	0 	0 	0 	0 	0 	0 	0 	0 	0 	0 	0 	0 	0 	15 	0 	3.0915 	2.4712 	3.7119 	1.0000
70 	0 	0 	0 	0 	0 	0 	0 	0 	0 	0 	0 	0 	0 	0 	0 	15 	0 	0 	0 	0 	1.8547 	1.2985 	2.4108 	1.0000
71 	15 	0 	0 	0 	0 	0 	0 	0 	0 	0 	0 	0 	0 	0 	0 	0 	0 	0 	0 	0 	1.7321 	1.1738 	2.2904 	1.0000
72 	0 	0 	0 	0 	15 	0 	0 	0 	0 	0 	0 	0 	0 	0 	0 	0 	0 	0 	0 	0 	2.2689 	1.7075 	2.8303 	1.0000
73 	0 	0 	0 	0 	0 	0 	0 	0 	0 	4 	0 	0 	0 	0 	0 	0 	0 	0 	0 	11 	1.8298 	1.3152 	2.3444 	1.0000
74 	0 	0 	0 	11 	0 	0 	0 	0 	4 	0 	0 	0 	0 	0 	0 	0 	0 	0 	0 	0 	1.5566 	1.0721 	2.0412 	1.0000
75 	0 	0 	0 	15 	0 	0 	0 	0 	0 	0 	0 	0 	0 	0 	0 	0 	0 	0 	0 	0 	1.9313 	1.3756 	2.4870 	1.0000
76 	0 	0 	0 	2 	0 	0 	0 	0 	0 	0 	0 	0 	0 	13 	0 	0 	0 	0 	0 	0 	1.9530 	1.4149 	2.4912 	1.0000
77 	0 	0 	0 	0 	0 	0 	0 	0 	0 	0 	0 	0 	0 	0 	0 	15 	0 	0 	0 	0 	1.8547 	1.2985 	2.4108 	1.0000
78 	0 	0 	0 	0 	0 	0 	0 	0 	8 	0 	0 	0 	0 	2 	1 	0 	4 	0 	0 	0 	1.2829 	0.8532 	1.7127 	1.0000
79 	0 	0 	0 	0 	0 	0 	2 	0 	0 	12 	1 	0 	0 	0 	0 	0 	0 	0 	0 	0 	1.4557 	0.8815 	2.0300 	1.0000
80 	15 	0 	0 	0 	0 	0 	0 	0 	0 	0 	0 	0 	0 	0 	0 	0 	0 	0 	0 	0 	1.7321 	1.1738 	2.2904 	1.0000
81 	0 	0 	0 	1 	0 	0 	0 	0 	10 	0 	0 	0 	0 	4 	0 	0 	0 	0 	0 	0 	1.5272 	1.0504 	2.0039 	1.0000
82 	0 	0 	0 	0 	0 	0 	0 	0 	0 	0 	4 	2 	0 	0 	0 	0 	9 	0 	0 	0 	1.5520 	1.0779 	2.0261 	1.0000
83 	0 	0 	0 	0 	0 	0 	0 	0 	0 	0 	0 	0 	0 	0 	0 	0 	0 	0 	0 	15 	2.4151 	1.8476 	2.9826 	1.0000
84 	0 	0 	0 	0 	0 	0 	0 	0 	0 	0 	0 	0 	12 	0 	0 	3 	0 	0 	0 	0 	1.6988 	1.1904 	2.2073 	1.0000
85 	0 	0 	0 	0 	0 	0 	0 	0 	0 	14 	0 	0 	0 	0 	0 	1 	0 	0 	0 	0 	1.5334 	0.9756 	2.0911 	1.0000
86 	2 	0 	0 	6 	0 	0 	0 	0 	0 	0 	0 	0 	0 	7 	0 	0 	0 	0 	0 	0 	1.3980 	0.9711 	1.8249 	1.0000
87 	1 	0 	0 	14 	0 	0 	0 	0 	0 	0 	0 	0 	0 	0 	0 	0 	0 	0 	0 	0 	1.7737 	1.2223 	2.3251 	1.0000
88 	0 	0 	0 	0 	0 	0 	0 	13 	0 	0 	0 	0 	0 	0 	0 	0 	0 	2 	0 	0 	1.7830 	1.2505 	2.3155 	1.0000
89 	0 	0 	0 	0 	0 	0 	2 	0 	0 	0 	0 	0 	0 	13 	0 	0 	0 	0 	0 	0 	2.0423 	1.4916 	2.5930 	1.0000
90 	0 	0 	5 	0 	0 	0 	0 	0 	0 	0 	0 	10 	0 	0 	0 	0 	0 	0 	0 	0 	1.6978 	1.2302 	2.1655 	1.0000
91 	0 	0 	0 	0 	0 	0 	0 	0 	0 	8 	0 	0 	2 	0 	0 	3 	2 	0 	0 	0 	1.0363 	0.6058 	1.4667 	1.0000
92 	0 	0 	0 	0 	0 	0 	0 	3 	0 	0 	0 	0 	0 	0 	0 	0 	12 	0 	0 	0 	1.6606 	1.1516 	2.1695 	1.0000
93 	0 	0 	0 	0 	0 	0 	0 	5 	0 	1 	0 	0 	0 	0 	0 	0 	0 	9 	0 	0 	1.3742 	0.9216 	1.8269 	1.0000
94 	0 	0 	0 	0 	0 	0 	0 	0 	15 	0 	0 	0 	0 	0 	0 	0 	0 	0 	0 	0 	1.9919 	1.4361 	2.5477 	1.0000
95 	0 	0 	0 	0 	0 	0 	0 	0 	0 	4 	0 	0 	0 	0 	11 	0 	0 	0 	0 	0 	1.5235 	1.0364 	2.0107 	1.0000
96 	0 	0 	0 	0 	0 	0 	0 	0 	0 	0 	0 	0 	0 	15 	0 	0 	0 	0 	0 	0 	2.2502 	1.6895 	2.8110 	1.0000
97 	0 	0 	0 	0 	0 	0 	0 	0 	0 	15 	0 	0 	0 	0 	0 	0 	0 	0 	0 	0 	1.6667 	1.1064 	2.2269 	1.0000
98 	0 	0 	0 	0 	0 	0 	0 	0 	1 	0 	0 	0 	0 	9 	5 	0 	0 	0 	0 	0 	1.5812 	1.1227 	2.0397 	1.0000
99 	15 	0 	0 	0 	0 	0 	0 	0 	0 	0 	0 	0 	0 	0 	0 	0 	0 	0 	0 	0 	1.7321 	1.1738 	2.2904 	1.0000
100 	0 	0 	0 	0 	0 	0 	0 	0 	0 	15 	0 	0 	0 	0 	0 	0 	0 	0 	0 	0 	1.6667 	1.1064 	2.2269 	1.0000
101 	0 	0 	0 	0 	0 	0 	0 	0 	0 	0 	0 	0 	0 	15 	0 	0 	0 	0 	0 	0 	2.2502 	1.6895 	2.8110 	1.0000
102 	0 	0 	0 	0 	0 	0 	4 	0 	0 	0 	0 	0 	0 	11 	0 	0 	0 	0 	0 	0 	1.9623 	1.4536 	2.4710 	1.0000
103 	0 	0 	0 	0 	0 	0 	0 	0 	0 	0 	0 	4 	0 	0 	0 	11 	0 	0 	0 	0 	1.5474 	1.0554 	2.0394 	1.0000
104 	0 	0 	0 	0 	0 	15 	0 	0 	0 	0 	0 	0 	0 	0 	0 	0 	0 	0 	0 	0 	1.8243 	1.2678 	2.3808 	1.0000
105 	0 	0 	0 	0 	0 	0 	0 	0 	0 	0 	0 	0 	0 	0 	0 	14 	1 	0 	0 	0 	1.7140 	1.1595 	2.2686 	1.0000
106 	0 	0 	0 	0 	0 	0 	0 	0 	0 	0 	0 	0 	0 	0 	0 	15 	0 	0 	0 	0 	1.8547 	1.2985 	2.4108 	1.0000
107 	4 	0 	0 	0 	0 	0 	0 	0 	0 	0 	0 	0 	0 	0 	0 	0 	0 	11 	0 	0 	1.4627 	0.9786 	1.9467 	1.0000
108 	0 	0 	0 	0 	0 	0 	0 	0 	0 	15 	0 	0 	0 	0 	0 	0 	0 	0 	0 	0 	1.6667 	1.1064 	2.2269 	1.0000
109 	0 	0 	0 	0 	0 	0 	0 	0 	0 	0 	0 	0 	0 	0 	0 	15 	0 	0 	0 	0 	1.8547 	1.2985 	2.4108 	1.0000
110 	11 	0 	0 	4 	0 	0 	0 	0 	0 	0 	0 	0 	0 	0 	0 	0 	0 	0 	0 	0 	1.3989 	0.9102 	1.8876 	1.0000
111 	0 	0 	13 	2 	0 	0 	0 	0 	0 	0 	0 	0 	0 	0 	0 	0 	0 	0 	0 	0 	1.7759 	1.2434 	2.3084 	1.0000
112 	0 	0 	0 	0 	0 	0 	0 	0 	15 	0 	0 	0 	0 	0 	0 	0 	0 	0 	0 	0 	1.9919 	1.4361 	2.5477 	1.0000
113 	0 	0 	0 	0 	0 	0 	0 	0 	0 	0 	0 	5 	0 	0 	2 	8 	0 	0 	0 	0 	1.3365 	0.9023 	1.7708 	1.0000
114 	0 	0 	0 	2 	0 	0 	0 	0 	8 	0 	0 	0 	0 	5 	0 	0 	0 	0 	0 	0 	1.4221 	0.9896 	1.8546 	1.0000
115 	0 	0 	0 	0 	0 	0 	0 	0 	0 	0 	0 	0 	0 	3 	12 	0 	0 	0 	0 	0 	1.7049 	1.1912 	2.2185 	1.0000
116 	0 	0 	0 	0 	0 	0 	0 	0 	0 	15 	0 	0 	0 	0 	0 	0 	0 	0 	0 	0 	1.6667 	1.1064 	2.2269 	1.0000
117 	0 	0 	0 	0 	0 	0 	0 	0 	0 	0 	0 	15 	0 	0 	0 	0 	0 	0 	0 	0 	2.1803 	1.6216 	2.7390 	1.0000
118 	0 	0 	0 	0 	0 	0 	0 	0 	0 	0 	0 	0 	0 	0 	0 	0 	15 	0 	0 	0 	1.9794 	1.4236 	2.5351 	1.0000
119 	0 	0 	0 	0 	0 	0 	0 	15 	0 	0 	0 	0 	0 	0 	0 	0 	0 	0 	0 	0 	2.0584 	1.5021 	2.6148 	1.0000
120 	0 	0 	0 	0 	0 	0 	0 	0 	0 	15 	0 	0 	0 	0 	0 	0 	0 	0 	0 	0 	1.6667 	1.1064 	2.2269 	1.0000
121 	0 	0 	0 	0 	0 	0 	0 	0 	0 	0 	0 	14 	0 	0 	0 	1 	0 	0 	0 	0 	2.0110 	1.4550 	2.5669 	1.0000
122 	5 	0 	0 	0 	0 	0 	0 	0 	1 	0 	0 	0 	0 	0 	0 	3 	6 	0 	0 	0 	1.0781 	0.6861 	1.4702 	1.0000
123 	0 	0 	0 	0 	0 	0 	0 	0 	0 	0 	15 	0 	0 	0 	0 	0 	0 	0 	0 	0 	2.6295 	2.0494 	3.2095 	1.0000
124 	0 	0 	0 	0 	0 	0 	0 	0 	0 	0 	0 	0 	0 	0 	0 	15 	0 	0 	0 	0 	1.8547 	1.2985 	2.4108 	1.0000
125 	0 	0 	0 	0 	0 	0 	0 	0 	0 	0 	0 	0 	0 	0 	0 	0 	15 	0 	0 	0 	1.9794 	1.4236 	2.5351 	1.0000
126 	0 	0 	0 	0 	0 	0 	0 	15 	0 	0 	0 	0 	0 	0 	0 	0 	0 	0 	0 	0 	2.0584 	1.5021 	2.6148 	1.0000
127 	0 	0 	0 	0 	0 	0 	1 	0 	0 	0 	0 	0 	0 	0 	0 	0 	0 	0 	0 	14 	2.2746 	1.7022 	2.8470 	1.0000
128 	0 	0 	0 	0 	0 	0 	0 	0 	0 	0 	0 	0 	0 	0 	0 	15 	0 	0 	0 	0 	1.8547 	1.2985 	2.4108 	1.0000
129 	0 	0 	0 	0 	0 	0 	0 	0 	0 	0 	0 	0 	0 	0 	0 	0 	15 	0 	0 	0 	1.9794 	1.4236 	2.5351 	1.0000
130 	0 	0 	0 	0 	0 	15 	0 	0 	0 	0 	0 	0 	0 	0 	0 	0 	0 	0 	0 	0 	1.8243 	1.2678 	2.3808 	1.0000
131 	0 	0 	0 	0 	0 	0 	0 	0 	15 	0 	0 	0 	0 	0 	0 	0 	0 	0 	0 	0 	1.9919 	1.4361 	2.5477 	1.0000
132 	7 	0 	0 	0 	0 	0 	0 	0 	0 	0 	0 	0 	0 	0 	0 	0 	0 	8 	0 	0 	1.3494 	0.9042 	1.7947 	1.0000
133 	0 	14 	0 	0 	0 	0 	0 	0 	0 	1 	0 	0 	0 	0 	0 	0 	0 	0 	0 	0 	2.6624 	2.0548 	3.2700 	1.0000
134 	0 	0 	1 	0 	0 	0 	0 	0 	1 	0 	0 	13 	0 	0 	0 	0 	0 	0 	0 	0 	1.8611 	1.3116 	2.4106 	1.0000
135 	0 	0 	0 	0 	0 	0 	0 	0 	0 	0 	0 	0 	14 	1 	0 	0 	0 	0 	0 	0 	1.9307 	1.3730 	2.4883 	1.0000
136 	0 	0 	0 	0 	0 	0 	0 	0 	2 	0 	0 	9 	0 	0 	0 	4 	0 	0 	0 	0 	1.4567 	1.0074 	1.9060 	1.0000
137 	0 	0 	0 	0 	0 	0 	0 	0 	0 	0 	0 	14 	0 	0 	0 	0 	1 	0 	0 	0 	2.0170 	1.4604 	2.5735 	1.0000
138 	0 	0 	0 	0 	0 	0 	0 	0 	0 	0 	0 	0 	14 	0 	0 	0 	0 	0 	0 	0 	2.0374 	1.4672 	2.6076 	0.9333
139 	0 	0 	0 	0 	0 	0 	0 	0 	0 	0 	0 	0 	0 	15 	0 	0 	0 	0 	0 	0 	2.2502 	1.6895 	2.8110 	1.0000
140 	0 	0 	0 	15 	0 	0 	0 	0 	0 	0 	0 	0 	0 	0 	0 	0 	0 	0 	0 	0 	1.9313 	1.3756 	2.4870 	1.0000
141 	0 	15 	0 	0 	0 	0 	0 	0 	0 	0 	0 	0 	0 	0 	0 	0 	0 	0 	0 	0 	2.8886 	2.2880 	3.4892 	1.0000
142 	0 	0 	0 	0 	1 	0 	0 	0 	0 	14 	0 	0 	0 	0 	0 	0 	0 	0 	0 	0 	1.5543 	0.9881 	2.1206 	1.0000
143 	1 	0 	0 	0 	0 	0 	0 	0 	0 	14 	0 	0 	0 	0 	0 	0 	0 	0 	0 	0 	1.5278 	0.9718 	2.0837 	1.0000
144 	0 	0 	0 	0 	0 	0 	0 	0 	0 	15 	0 	0 	0 	0 	0 	0 	0 	0 	0 	0 	1.6667 	1.1064 	2.2269 	1.0000
145 	0 	0 	3 	12 	0 	0 	0 	0 	0 	0 	0 	0 	0 	0 	0 	0 	0 	0 	0 	0 	1.6201 	1.1110 	2.1293 	1.0000
146 	0 	0 	0 	0 	0 	0 	0 	0 	0 	0 	0 	0 	0 	0 	0 	0 	0 	0 	0 	0 	1.0790 	0.4518 	1.7063 	0.0000
147 	0 	0 	0 	0 	0 	0 	0 	0 	0 	0 	0 	0 	15 	0 	0 	0 	0 	0 	0 	0 	2.0726 	1.5160 	2.6291 	1.0000
148 	0 	0 	0 	0 	0 	15 	0 	0 	0 	0 	0 	0 	0 	0 	0 	0 	0 	0 	0 	0 	1.8243 	1.2678 	2.3808 	1.0000
149 	0 	0 	0 	0 	0 	0 	0 	0 	0 	15 	0 	0 	0 	0 	0 	0 	0 	0 	0 	0 	1.6667 	1.1064 	2.2269 	1.0000
150 	0 	0 	11 	0 	0 	0 	0 	0 	0 	0 	0 	4 	0 	0 	0 	0 	0 	0 	0 	0 	1.6843 	1.1967 	2.1719 	1.0000
151 	0 	0 	9 	5 	0 	0 	0 	0 	0 	0 	0 	0 	0 	0 	0 	0 	0 	1 	0 	0 	1.4371 	0.9854 	1.8887 	1.0000
152 	0 	0 	0 	0 	0 	0 	0 	15 	0 	0 	0 	0 	0 	0 	0 	0 	0 	0 	0 	0 	2.0584 	1.5021 	2.6148 	1.0000
153 	0 	0 	0 	0 	0 	0 	0 	0 	0 	0 	15 	0 	0 	0 	0 	0 	0 	0 	0 	0 	2.6295 	2.0494 	3.2095 	1.0000
154 	4 	0 	0 	11 	0 	0 	0 	0 	0 	0 	0 	0 	0 	0 	0 	0 	0 	0 	0 	0 	1.4950 	1.0106 	1.9794 	1.0000
155 	0 	0 	0 	0 	0 	0 	0 	0 	4 	0 	0 	9 	0 	0 	0 	0 	2 	0 	0 	0 	1.4882 	1.0411 	1.9352 	1.0000
156 	0 	0 	0 	0 	0 	0 	0 	0 	0 	0 	0 	0 	0 	0 	0 	15 	0 	0 	0 	0 	1.8547 	1.2985 	2.4108 	1.0000
157 	0 	0 	0 	0 	0 	0 	0 	0 	7 	4 	0 	0 	0 	0 	1 	0 	3 	0 	0 	0 	1.1247 	0.7192 	1.5303 	1.0000
158 	0 	0 	15 	0 	0 	0 	0 	0 	0 	0 	0 	0 	0 	0 	0 	0 	0 	0 	0 	0 	2.0446 	1.4884 	2.6009 	1.0000
159 	0 	0 	0 	0 	0 	0 	0 	0 	0 	0 	0 	0 	0 	0 	0 	0 	0 	0 	0 	15 	2.4151 	1.8476 	2.9826 	1.0000
160 	0 	0 	0 	0 	0 	0 	0 	0 	0 	0 	0 	14 	0 	0 	0 	1 	0 	0 	0 	0 	2.0110 	1.4550 	2.5669 	1.0000
161 	0 	0 	0 	14 	0 	0 	0 	0 	0 	0 	0 	0 	0 	0 	1 	0 	0 	0 	0 	0 	1.7859 	1.2320 	2.3399 	1.0000
162 	0 	0 	0 	0 	0 	0 	0 	0 	0 	0 	0 	0 	0 	0 	15 	0 	0 	0 	0 	0 	1.9919 	1.4361 	2.5477 	1.0000
163 	0 	0 	0 	0 	0 	0 	0 	0 	0 	15 	0 	0 	0 	0 	0 	0 	0 	0 	0 	0 	1.6667 	1.1064 	2.2269 	1.0000
164 	0 	0 	0 	0 	0 	0 	0 	0 	0 	0 	0 	0 	0 	0 	0 	0 	0 	0 	15 	0 	3.0915 	2.4712 	3.7119 	1.0000
165 	15 	0 	0 	0 	0 	0 	0 	0 	0 	0 	0 	0 	0 	0 	0 	0 	0 	0 	0 	0 	1.7321 	1.1738 	2.2904 	1.0000
166 	0 	0 	0 	0 	0 	0 	0 	0 	0 	0 	0 	0 	0 	0 	0 	0 	0 	0 	15 	0 	3.0915 	2.4712 	3.7119 	1.0000
167 	0 	0 	0 	15 	0 	0 	0 	0 	0 	0 	0 	0 	0 	0 	0 	0 	0 	0 	0 	0 	1.9313 	1.3756 	2.4870 	1.0000
168 	0 	0 	0 	0 	0 	14 	0 	0 	0 	0 	0 	0 	0 	0 	0 	1 	0 	0 	0 	0 	1.6798 	1.1265 	2.2332 	1.0000
169 	0 	0 	0 	0 	0 	0 	0 	0 	0 	0 	0 	0 	0 	0 	0 	0 	0 	0 	15 	0 	3.0915 	2.4712 	3.7119 	1.0000
170 	0 	0 	0 	0 	0 	0 	0 	0 	0 	0 	0 	0 	0 	0 	15 	0 	0 	0 	0 	0 	1.9919 	1.4361 	2.5477 	1.0000
171 	5 	0 	0 	0 	0 	0 	0 	0 	0 	0 	0 	0 	0 	0 	0 	10 	0 	0 	0 	0 	1.3900 	0.9250 	1.8551 	1.0000
172 	0 	0 	0 	14 	0 	0 	0 	0 	0 	0 	0 	0 	0 	0 	0 	0 	0 	1 	0 	0 	1.7808 	1.2281 	2.3335 	1.0000
173 	0 	0 	0 	0 	0 	0 	0 	0 	0 	0 	0 	0 	0 	0 	0 	0 	0 	15 	0 	0 	1.8865 	1.3306 	2.4423 	1.0000
174 	0 	0 	0 	0 	0 	15 	0 	0 	0 	0 	0 	0 	0 	0 	0 	0 	0 	0 	0 	0 	1.8243 	1.2678 	2.3808 	1.0000
175 	0 	0 	0 	0 	0 	0 	0 	0 	15 	0 	0 	0 	0 	0 	0 	0 	0 	0 	0 	0 	1.9919 	1.4361 	2.5477 	1.0000
176 	0 	0 	0 	0 	0 	0 	0 	0 	0 	0 	0 	0 	0 	15 	0 	0 	0 	0 	0 	0 	2.2502 	1.6895 	2.8110 	1.0000
177 	0 	0 	0 	0 	0 	0 	0 	0 	0 	15 	0 	0 	0 	0 	0 	0 	0 	0 	0 	0 	1.6667 	1.1064 	2.2269 	1.0000
178 	0 	0 	0 	0 	0 	0 	0 	0 	0 	0 	0 	0 	0 	0 	15 	0 	0 	0 	0 	0 	1.9919 	1.4361 	2.5477 	1.0000
179 	0 	0 	0 	0 	0 	0 	0 	0 	0 	0 	0 	0 	15 	0 	0 	0 	0 	0 	0 	0 	2.0726 	1.5160 	2.6291 	1.0000
180 	0 	0 	0 	0 	0 	0 	0 	0 	0 	15 	0 	0 	0 	0 	0 	0 	0 	0 	0 	0 	1.6667 	1.1064 	2.2269 	1.0000
181 	0 	0 	0 	0 	0 	0 	0 	0 	0 	0 	0 	0 	0 	0 	0 	0 	0 	0 	0 	15 	2.4151 	1.8476 	2.9826 	1.0000
182 	0 	0 	0 	15 	0 	0 	0 	0 	0 	0 	0 	0 	0 	0 	0 	0 	0 	0 	0 	0 	1.9313 	1.3756 	2.4870 	1.0000
183 	0 	0 	0 	15 	0 	0 	0 	0 	0 	0 	0 	0 	0 	0 	0 	0 	0 	0 	0 	0 	1.9313 	1.3756 	2.4870 	1.0000
184 	0 	0 	0 	0 	0 	0 	0 	0 	0 	0 	0 	0 	0 	0 	0 	0 	0 	0 	0 	15 	2.4151 	1.8476 	2.9826 	1.0000
185 	0 	0 	0 	0 	0 	0 	0 	0 	0 	0 	0 	0 	0 	0 	0 	0 	0 	15 	0 	0 	1.8865 	1.3306 	2.4423 	1.0000
186 	7 	0 	0 	0 	0 	0 	0 	0 	0 	0 	0 	0 	0 	0 	0 	0 	0 	8 	0 	0 	1.3494 	0.9042 	1.7947 	1.0000
187 	0 	0 	0 	0 	0 	0 	0 	0 	0 	15 	0 	0 	0 	0 	0 	0 	0 	0 	0 	0 	1.6667 	1.1064 	2.2269 	1.0000
188 	0 	0 	0 	1 	0 	0 	0 	0 	14 	0 	0 	0 	0 	0 	0 	0 	0 	0 	0 	0 	1.8394 	1.2861 	2.3926 	1.0000
189 	0 	0 	0 	0 	0 	0 	0 	0 	0 	0 	0 	15 	0 	0 	0 	0 	0 	0 	0 	0 	2.1803 	1.6216 	2.7390 	1.0000
190 	0 	0 	0 	15 	0 	0 	0 	0 	0 	0 	0 	0 	0 	0 	0 	0 	0 	0 	0 	0 	1.9313 	1.3756 	2.4870 	1.0000
191 	0 	0 	0 	0 	0 	0 	0 	0 	0 	0 	15 	0 	0 	0 	0 	0 	0 	0 	0 	0 	2.6295 	2.0494 	3.2095 	1.0000
192 	15 	0 	0 	0 	0 	0 	0 	0 	0 	0 	0 	0 	0 	0 	0 	0 	0 	0 	0 	0 	1.7321 	1.1738 	2.2904 	1.0000
193 	0 	0 	0 	0 	0 	0 	0 	0 	1 	0 	0 	0 	0 	0 	14 	0 	0 	0 	0 	0 	1.8423 	1.2885 	2.3962 	1.0000
194 	14 	0 	0 	0 	0 	0 	0 	0 	0 	0 	0 	0 	0 	0 	0 	1 	0 	0 	0 	0 	1.5942 	1.0387 	2.1496 	1.0000
195 	0 	0 	0 	0 	0 	0 	0 	0 	1 	0 	0 	14 	0 	0 	0 	0 	0 	0 	0 	0 	2.0176 	1.4609 	2.5742 	1.0000
196 	0 	0 	0 	0 	0 	0 	4 	0 	0 	0 	0 	10 	0 	1 	0 	0 	0 	0 	0 	0 	1.7786 	1.2803 	2.2769 	1.0000
197 	0 	0 	0 	0 	0 	0 	0 	0 	0 	0 	0 	0 	0 	0 	0 	0 	0 	0 	0 	15 	2.4151 	1.8476 	2.9826 	1.0000
198 	0 	0 	0 	11 	0 	0 	0 	0 	3 	0 	0 	0 	0 	0 	1 	0 	0 	0 	0 	0 	1.4772 	0.9813 	1.9730 	1.0000
199 	0 	0 	15 	0 	0 	0 	0 	0 	0 	0 	0 	0 	0 	0 	0 	0 	0 	0 	0 	0 	2.0446 	1.4884 	2.6009 	1.0000
200 	0 	0 	0 	0 	0 	0 	0 	0 	0 	0 	0 	0 	0 	0 	0 	0 	0 	0 	0 	15 	2.4151 	1.8476 	2.9826 	1.0000
201 	0 	0 	0 	0 	0 	15 	0 	0 	0 	0 	0 	0 	0 	0 	0 	0 	0 	0 	0 	0 	1.8243 	1.2678 	2.3808 	1.0000
202 	0 	0 	15 	0 	0 	0 	0 	0 	0 	0 	0 	0 	0 	0 	0 	0 	0 	0 	0 	0 	2.0446 	1.4884 	2.6009 	1.0000
203 	0 	0 	0 	0 	0 	0 	0 	0 	0 	0 	0 	0 	0 	0 	0 	0 	0 	0 	0 	15 	2.4151 	1.8476 	2.9826 	1.0000
204 	0 	0 	0 	0 	0 	0 	0 	0 	0 	0 	0 	0 	0 	0 	0 	0 	0 	0 	15 	0 	3.0915 	2.4712 	3.7119 	1.0000
205 	0 	0 	0 	0 	0 	0 	0 	0 	0 	0 	0 	0 	0 	0 	15 	0 	0 	0 	0 	0 	1.9919 	1.4361 	2.5477 	1.0000
206 	1 	0 	0 	0 	0 	14 	0 	0 	0 	0 	0 	0 	0 	0 	0 	0 	0 	0 	0 	0 	1.6742 	1.1222 	2.2263 	1.0000
207 	0 	0 	14 	0 	0 	0 	0 	0 	0 	0 	0 	1 	0 	0 	0 	0 	0 	0 	0 	0 	1.9010 	1.3445 	2.4574 	1.0000
208 	0 	0 	0 	0 	0 	0 	0 	0 	0 	0 	0 	0 	0 	0 	0 	0 	0 	0 	0 	15 	2.4151 	1.8476 	2.9826 	1.0000
209 	0 	0 	0 	15 	0 	0 	0 	0 	0 	0 	0 	0 	0 	0 	0 	0 	0 	0 	0 	0 	1.9313 	1.3756 	2.4870 	1.0000
210 	3 	0 	0 	7 	0 	0 	0 	0 	0 	0 	0 	0 	0 	0 	0 	0 	0 	5 	0 	0 	1.1915 	0.7887 	1.5943 	1.0000
211 	0 	0 	0 	10 	0 	0 	0 	0 	0 	0 	0 	4 	0 	0 	0 	0 	1 	0 	0 	0 	1.4728 	0.9968 	1.9488 	1.0000
212 	0 	0 	0 	0 	0 	8 	0 	0 	0 	0 	0 	0 	0 	0 	0 	0 	0 	0 	7 	0 	1.9323 	1.3712 	2.4934 	1.0000
213 	6 	0 	0 	3 	0 	0 	0 	0 	0 	0 	0 	0 	0 	0 	0 	0 	2 	4 	0 	0 	1.0011 	0.6238 	1.3783 	1.0000
214 	0 	0 	10 	1 	0 	1 	0 	0 	0 	0 	0 	3 	0 	0 	0 	0 	0 	0 	0 	0 	1.4443 	0.9641 	1.9244 	1.0000
215 	0 	0 	1 	0 	0 	14 	0 	0 	0 	0 	0 	0 	0 	0 	0 	0 	0 	0 	0 	0 	1.6891 	1.1330 	2.2452 	1.0000
216 	0 	0 	0 	0 	0 	0 	0 	0 	0 	0 	0 	0 	0 	0 	0 	0 	0 	0 	0 	15 	2.4151 	1.8476 	2.9826 	1.0000
217 	0 	0 	6 	0 	0 	0 	0 	0 	0 	0 	0 	8 	0 	0 	0 	1 	0 	0 	0 	0 	1.5190 	1.0766 	1.9613 	1.0000
218 	0 	0 	0 	0 	0 	0 	0 	0 	0 	0 	0 	0 	0 	0 	0 	0 	0 	0 	0 	15 	2.4151 	1.8476 	2.9826 	1.0000
219 	0 	0 	0 	0 	0 	0 	0 	0 	0 	0 	0 	5 	0 	0 	0 	10 	0 	0 	0 	0 	1.5278 	1.0550 	2.0006 	1.0000
220 	0 	0 	0 	0 	0 	1 	0 	0 	0 	0 	0 	0 	0 	0 	14 	0 	0 	0 	0 	0 	1.8343 	1.2820 	2.3866 	1.0000
221 	0 	0 	4 	0 	0 	1 	0 	0 	0 	0 	0 	7 	0 	0 	0 	3 	0 	0 	0 	0 	1.2689 	0.8656 	1.6723 	1.0000
222 	0 	0 	0 	0 	0 	0 	0 	0 	0 	0 	0 	0 	0 	15 	0 	0 	0 	0 	0 	0 	2.2502 	1.6895 	2.8110 	1.0000
223 	0 	0 	0 	0 	0 	0 	0 	0 	0 	15 	0 	0 	0 	0 	0 	0 	0 	0 	0 	0 	1.6667 	1.1064 	2.2269 	1.0000
224 	0 	0 	0 	0 	0 	0 	0 	14 	0 	0 	1 	0 	0 	0 	0 	0 	0 	0 	0 	0 	1.9388 	1.3739 	2.5036 	1.0000
225 	0 	0 	4 	8 	0 	0 	0 	0 	3 	0 	0 	0 	0 	0 	0 	0 	0 	0 	0 	0 	1.3020 	0.8834 	1.7206 	1.0000
226 	0 	0 	15 	0 	0 	0 	0 	0 	0 	0 	0 	0 	0 	0 	0 	0 	0 	0 	0 	0 	2.0446 	1.4884 	2.6009 	1.0000
227 	0 	0 	0 	0 	0 	0 	0 	0 	0 	0 	0 	0 	0 	0 	0 	0 	0 	15 	0 	0 	1.8865 	1.3306 	2.4423 	1.0000
228 	0 	0 	0 	15 	0 	0 	0 	0 	0 	0 	0 	0 	0 	0 	0 	0 	0 	0 	0 	0 	1.9313 	1.3756 	2.4870 	1.0000
229 	0 	0 	0 	0 	0 	0 	8 	0 	0 	0 	0 	0 	0 	0 	7 	0 	0 	0 	0 	0 	1.8836 	1.3947 	2.3724 	1.0000
230 	0 	0 	0 	0 	0 	0 	0 	0 	0 	0 	0 	0 	0 	0 	0 	0 	15 	0 	0 	0 	1.9794 	1.4236 	2.5351 	1.0000
231 	0 	0 	0 	0 	15 	0 	0 	0 	0 	0 	0 	0 	0 	0 	0 	0 	0 	0 	0 	0 	2.2689 	1.7075 	2.8303 	1.0000
232 	1 	0 	0 	4 	0 	0 	0 	0 	1 	0 	0 	0 	0 	1 	0 	1 	7 	0 	0 	0 	1.0734 	0.6607 	1.4862 	1.0000
233 	0 	0 	0 	8 	0 	0 	0 	0 	0 	0 	0 	0 	0 	7 	0 	0 	0 	0 	0 	0 	1.6027 	1.1508 	2.0547 	1.0000
234 	0 	0 	0 	0 	0 	0 	0 	15 	0 	0 	0 	0 	0 	0 	0 	0 	0 	0 	0 	0 	2.0584 	1.5021 	2.6148 	1.0000
235 	0 	0 	0 	0 	0 	0 	0 	0 	12 	0 	3 	0 	0 	0 	0 	0 	0 	0 	0 	0 	1.7750 	1.2439 	2.3061 	1.0000
236 	0 	0 	0 	0 	0 	0 	0 	0 	0 	0 	0 	0 	15 	0 	0 	0 	0 	0 	0 	0 	2.0726 	1.5160 	2.6291 	1.0000
237 	0 	0 	0 	0 	0 	0 	0 	0 	0 	15 	0 	0 	0 	0 	0 	0 	0 	0 	0 	0 	1.6667 	1.1064 	2.2269 	1.0000
238 	0 	0 	0 	0 	0 	0 	0 	0 	0 	0 	0 	0 	0 	0 	0 	0 	0 	0 	0 	15 	2.4151 	1.8476 	2.9826 	1.0000
239 	0 	0 	0 	10 	0 	0 	0 	0 	0 	0 	0 	0 	0 	5 	0 	0 	0 	0 	0 	0 	1.5996 	1.1265 	2.0726 	1.0000
240 	0 	0 	0 	0 	0 	0 	12 	0 	0 	0 	0 	0 	0 	3 	0 	0 	0 	0 	0 	0 	2.2627 	1.7217 	2.8037 	1.0000
241 	0 	0 	0 	0 	0 	0 	0 	0 	0 	15 	0 	0 	0 	0 	0 	0 	0 	0 	0 	0 	1.6667 	1.1064 	2.2269 	1.0000
242 	0 	0 	0 	0 	0 	0 	15 	0 	0 	0 	0 	0 	0 	0 	0 	0 	0 	0 	0 	0 	2.6946 	2.1099 	3.2794 	1.0000
243 	15 	0 	0 	0 	0 	0 	0 	0 	0 	0 	0 	0 	0 	0 	0 	0 	0 	0 	0 	0 	1.7321 	1.1738 	2.2904 	1.0000
244 	0 	0 	0 	0 	0 	0 	0 	0 	0 	0 	0 	0 	0 	0 	0 	0 	0 	0 	0 	15 	2.4151 	1.8476 	2.9826 	1.0000
245 	0 	0 	0 	0 	0 	0 	0 	0 	0 	0 	0 	0 	0 	0 	0 	0 	0 	15 	0 	0 	1.8865 	1.3306 	2.4423 	1.0000
246 	0 	0 	0 	0 	0 	0 	0 	0 	0 	0 	0 	0 	0 	0 	15 	0 	0 	0 	0 	0 	1.9919 	1.4361 	2.5477 	1.0000
247 	9 	0 	0 	0 	0 	0 	0 	0 	0 	0 	0 	0 	0 	0 	0 	0 	6 	0 	0 	0 	1.3761 	0.9200 	1.8322 	1.0000
248 	0 	0 	0 	0 	0 	0 	0 	0 	15 	0 	0 	0 	0 	0 	0 	0 	0 	0 	0 	0 	1.9919 	1.4361 	2.5477 	1.0000
249 	0 	0 	0 	0 	0 	0 	0 	0 	0 	15 	0 	0 	0 	0 	0 	0 	0 	0 	0 	0 	1.6667 	1.1064 	2.2269 	1.0000
250 	0 	0 	0 	0 	0 	0 	0 	0 	0 	0 	15 	0 	0 	0 	0 	0 	0 	0 	0 	0 	2.6295 	2.0494 	3.2095 	1.0000
251 	0 	0 	9 	0 	0 	0 	1 	0 	0 	0 	0 	5 	0 	0 	0 	0 	0 	0 	0 	0 	1.5578 	1.0905 	2.0252 	1.0000
252 	7 	0 	0 	0 	0 	0 	0 	0 	0 	0 	0 	0 	0 	0 	0 	1 	7 	0 	0 	0 	1.2746 	0.8351 	1.7142 	1.0000
253 	0 	0 	0 	0 	0 	0 	0 	0 	0 	0 	0 	0 	0 	0 	0 	0 	0 	0 	0 	15 	2.4151 	1.8476 	2.9826 	1.0000
254 	0 	0 	0 	0 	0 	0 	0 	0 	0 	0 	0 	0 	15 	0 	0 	0 	0 	0 	0 	0 	2.0726 	1.5160 	2.6291 	1.0000
255 	0 	0 	0 	0 	0 	0 	0 	0 	0 	0 	0 	0 	0 	0 	0 	15 	0 	0 	0 	0 	1.8547 	1.2985 	2.4108 	1.0000
256 	0 	0 	0 	0 	0 	0 	0 	0 	0 	0 	0 	0 	0 	0 	5 	0 	0 	0 	0 	10 	1.8357 	1.3541 	2.3172 	1.0000
257 	0 	0 	0 	0 	0 	0 	0 	15 	0 	0 	0 	0 	0 	0 	0 	0 	0 	0 	0 	0 	2.0584 	1.5021 	2.6148 	1.0000
258 	0 	0 	0 	0 	0 	0 	0 	0 	0 	0 	0 	1 	0 	0 	0 	14 	0 	0 	0 	0 	1.7243 	1.1664 	2.2821 	1.0000
259 	0 	0 	0 	0 	0 	0 	0 	0 	0 	0 	0 	0 	15 	0 	0 	0 	0 	0 	0 	0 	2.0726 	1.5160 	2.6291 	1.0000
260 	0 	0 	0 	0 	0 	0 	0 	1 	0 	0 	0 	0 	0 	0 	0 	0 	14 	0 	0 	0 	1.8340 	1.2793 	2.3886 	1.0000
261 	0 	0 	0 	0 	0 	15 	0 	0 	0 	0 	0 	0 	0 	0 	0 	0 	0 	0 	0 	0 	1.8243 	1.2678 	2.3808 	1.0000
262 	0 	15 	0 	0 	0 	0 	0 	0 	0 	0 	0 	0 	0 	0 	0 	0 	0 	0 	0 	0 	2.8886 	2.2880 	3.4892 	1.0000
263 	0 	0 	0 	0 	0 	0 	0 	0 	0 	15 	0 	0 	0 	0 	0 	0 	0 	0 	0 	0 	1.6667 	1.1064 	2.2269 	1.0000
264 	0 	0 	0 	0 	0 	0 	0 	0 	0 	0 	0 	0 	15 	0 	0 	0 	0 	0 	0 	0 	2.0726 	1.5160 	2.6291 	1.0000
265 	15 	0 	0 	0 	0 	0 	0 	0 	0 	0 	0 	0 	0 	0 	0 	0 	0 	0 	0 	0 	1.7321 	1.1738 	2.2904 	1.0000
266 	0 	0 	0 	0 	0 	0 	15 	0 	0 	0 	0 	0 	0 	0 	0 	0 	0 	0 	0 	0 	2.6946 	2.1099 	3.2794 	1.0000
267 	0 	0 	0 	0 	0 	0 	0 	0 	0 	15 	0 	0 	0 	0 	0 	0 	0 	0 	0 	0 	1.6667 	1.1064 	2.2269 	1.0000
268 	0 	0 	0 	0 	0 	0 	0 	0 	0 	15 	0 	0 	0 	0 	0 	0 	0 	0 	0 	0 	1.6667 	1.1064 	2.2269 	1.0000
269 	0 	0 	0 	0 	0 	15 	0 	0 	0 	0 	0 	0 	0 	0 	0 	0 	0 	0 	0 	0 	1.8243 	1.2678 	2.3808 	1.0000
270 	0 	0 	15 	0 	0 	0 	0 	0 	0 	0 	0 	0 	0 	0 	0 	0 	0 	0 	0 	0 	2.0446 	1.4884 	2.6009 	1.0000
271 	0 	0 	0 	0 	0 	0 	0 	0 	0 	0 	15 	0 	0 	0 	0 	0 	0 	0 	0 	0 	2.6295 	2.0494 	3.2095 	1.0000
272 	0 	0 	0 	0 	0 	0 	0 	0 	0 	0 	0 	0 	0 	0 	0 	0 	0 	0 	15 	0 	3.0915 	2.4712 	3.7119 	1.0000
273 	0 	0 	0 	0 	0 	15 	0 	0 	0 	0 	0 	0 	0 	0 	0 	0 	0 	0 	0 	0 	1.8243 	1.2678 	2.3808 	1.0000
274 	0 	0 	0 	0 	0 	0 	0 	0 	0 	0 	0 	0 	0 	0 	15 	0 	0 	0 	0 	0 	1.9919 	1.4361 	2.5477 	1.0000
275 	0 	0 	0 	0 	15 	0 	0 	0 	0 	0 	0 	0 	0 	0 	0 	0 	0 	0 	0 	0 	2.2689 	1.7075 	2.8303 	1.0000
276 	0 	0 	0 	0 	0 	0 	0 	0 	0 	0 	0 	0 	0 	0 	0 	0 	0 	0 	15 	0 	3.0915 	2.4712 	3.7119 	1.0000
277 	0 	0 	0 	0 	0 	0 	0 	0 	0 	0 	0 	0 	0 	0 	0 	0 	15 	0 	0 	0 	1.9794 	1.4236 	2.5351 	1.0000
278 	0 	0 	0 	0 	0 	0 	0 	0 	0 	0 	0 	15 	0 	0 	0 	0 	0 	0 	0 	0 	2.1803 	1.6216 	2.7390 	1.0000
279 	0 	0 	0 	0 	0 	0 	0 	0 	0 	15 	0 	0 	0 	0 	0 	0 	0 	0 	0 	0 	1.6667 	1.1064 	2.2269 	1.0000
280 	0 	0 	0 	0 	0 	0 	0 	0 	0 	0 	0 	0 	0 	0 	0 	0 	0 	0 	0 	15 	2.4151 	1.8476 	2.9826 	1.0000
281 	0 	0 	0 	0 	0 	0 	0 	0 	0 	0 	0 	0 	9 	0 	0 	6 	0 	0 	0 	0 	1.5270 	1.0742 	1.9799 	1.0000
282 	0 	0 	0 	0 	0 	0 	0 	0 	0 	15 	0 	0 	0 	0 	0 	0 	0 	0 	0 	0 	1.6667 	1.1064 	2.2269 	1.0000
283 	0 	0 	0 	0 	0 	0 	0 	0 	0 	0 	2 	0 	0 	0 	0 	0 	13 	0 	0 	0 	1.8010 	1.2501 	2.3520 	1.0000
284 	0 	0 	0 	0 	0 	0 	0 	0 	0 	0 	0 	0 	0 	0 	0 	0 	0 	15 	0 	0 	1.8865 	1.3306 	2.4423 	1.0000
285 	0 	0 	0 	0 	0 	0 	0 	0 	0 	0 	0 	0 	15 	0 	0 	0 	0 	0 	0 	0 	2.0726 	1.5160 	2.6291 	1.0000
286 	0 	0 	0 	0 	15 	0 	0 	0 	0 	0 	0 	0 	0 	0 	0 	0 	0 	0 	0 	0 	2.2689 	1.7075 	2.8303 	1.0000
287 	0 	0 	0 	1 	0 	13 	0 	0 	0 	0 	0 	0 	0 	0 	1 	0 	0 	0 	0 	0 	1.5492 	1.0016 	2.0969 	1.0000
288 	0 	0 	0 	0 	0 	0 	1 	0 	0 	0 	0 	0 	0 	14 	0 	0 	0 	0 	0 	0 	2.1211 	1.5533 	2.6888 	1.0000
289 	0 	0 	0 	0 	0 	0 	0 	0 	15 	0 	0 	0 	0 	0 	0 	0 	0 	0 	0 	0 	1.9919 	1.4361 	2.5477 	1.0000
290 	0 	0 	0 	0 	0 	0 	0 	0 	0 	0 	0 	0 	15 	0 	0 	0 	0 	0 	0 	0 	2.0726 	1.5160 	2.6291 	1.0000
291 	0 	0 	0 	0 	0 	0 	0 	0 	0 	0 	0 	14 	0 	0 	0 	1 	0 	0 	0 	0 	2.0110 	1.4550 	2.5669 	1.0000
292 	0 	0 	0 	0 	0 	0 	0 	15 	0 	0 	0 	0 	0 	0 	0 	0 	0 	0 	0 	0 	2.0584 	1.5021 	2.6148 	1.0000
293 	0 	0 	15 	0 	0 	0 	0 	0 	0 	0 	0 	0 	0 	0 	0 	0 	0 	0 	0 	0 	2.0446 	1.4884 	2.6009 	1.0000
294 	0 	0 	0 	0 	0 	0 	0 	0 	0 	0 	0 	0 	0 	0 	0 	0 	0 	15 	0 	0 	1.8865 	1.3306 	2.4423 	1.0000
295 	0 	0 	0 	0 	0 	0 	0 	0 	0 	0 	0 	0 	0 	0 	0 	0 	15 	0 	0 	0 	1.9794 	1.4236 	2.5351 	1.0000
296 	0 	0 	11 	1 	0 	0 	0 	0 	0 	0 	0 	3 	0 	0 	0 	0 	0 	0 	0 	0 	1.5893 	1.0913 	2.0873 	1.0000
297 	13 	0 	0 	0 	0 	0 	0 	0 	1 	0 	0 	0 	0 	0 	0 	0 	1 	0 	0 	0 	1.4724 	0.9211 	2.0237 	1.0000
298 	0 	0 	0 	0 	0 	0 	0 	0 	0 	0 	15 	0 	0 	0 	0 	0 	0 	0 	0 	0 	2.6295 	2.0494 	3.2095 	1.0000
299 	0 	0 	0 	1 	0 	0 	0 	0 	0 	1 	0 	0 	0 	0 	0 	0 	0 	13 	0 	0 	1.5875 	1.0439 	2.1312 	1.0000
300 	0 	0 	1 	0 	0 	0 	0 	0 	1 	0 	0 	13 	0 	0 	0 	0 	0 	0 	0 	0 	1.8611 	1.3116 	2.4106 	1.0000
301 	0 	0 	0 	0 	0 	0 	0 	0 	0 	0 	0 	0 	0 	15 	0 	0 	0 	0 	0 	0 	2.2502 	1.6895 	2.8110 	1.0000
302 	4 	0 	0 	0 	0 	3 	0 	0 	0 	0 	0 	0 	0 	0 	0 	8 	0 	0 	0 	0 	1.1595 	0.7419 	1.5771 	1.0000
303 	0 	0 	0 	0 	0 	0 	0 	0 	0 	0 	0 	0 	0 	0 	0 	0 	0 	0 	15 	0 	3.0915 	2.4712 	3.7119 	1.0000
304 	0 	0 	11 	0 	0 	0 	0 	0 	0 	0 	0 	4 	0 	0 	0 	0 	0 	0 	0 	0 	1.6843 	1.1967 	2.1719 	1.0000
305 	15 	0 	0 	0 	0 	0 	0 	0 	0 	0 	0 	0 	0 	0 	0 	0 	0 	0 	0 	0 	1.7321 	1.1738 	2.2904 	1.0000
306 	0 	0 	0 	4 	0 	0 	0 	0 	0 	0 	0 	0 	0 	4 	7 	0 	0 	0 	0 	0 	1.3319 	0.9278 	1.7359 	1.0000
307 	0 	0 	0 	0 	0 	0 	0 	0 	3 	0 	0 	0 	0 	0 	12 	0 	0 	0 	0 	0 	1.6588 	1.1509 	2.1667 	1.0000
308 	0 	0 	0 	0 	0 	0 	0 	15 	0 	0 	0 	0 	0 	0 	0 	0 	0 	0 	0 	0 	2.0584 	1.5021 	2.6148 	1.0000
309 	0 	0 	0 	0 	15 	0 	0 	0 	0 	0 	0 	0 	0 	0 	0 	0 	0 	0 	0 	0 	2.2689 	1.7075 	2.8303 	1.0000
310 	0 	0 	0 	2 	0 	0 	0 	0 	13 	0 	0 	0 	0 	0 	0 	0 	0 	0 	0 	0 	1.7306 	1.1985 	2.2627 	1.0000
311 	0 	0 	0 	15 	0 	0 	0 	0 	0 	0 	0 	0 	0 	0 	0 	0 	0 	0 	0 	0 	1.9313 	1.3756 	2.4870 	1.0000
312 	15 	0 	0 	0 	0 	0 	0 	0 	0 	0 	0 	0 	0 	0 	0 	0 	0 	0 	0 	0 	1.7321 	1.1738 	2.2904 	1.0000
313 	0 	0 	0 	15 	0 	0 	0 	0 	0 	0 	0 	0 	0 	0 	0 	0 	0 	0 	0 	0 	1.9313 	1.3756 	2.4870 	1.0000
314 	0 	0 	0 	0 	0 	0 	0 	0 	14 	0 	0 	0 	0 	0 	0 	0 	1 	0 	0 	0 	1.8417 	1.2880 	2.3954 	1.0000
315 	0 	0 	0 	0 	15 	0 	0 	0 	0 	0 	0 	0 	0 	0 	0 	0 	0 	0 	0 	0 	2.2689 	1.7075 	2.8303 	1.0000
316 	0 	0 	0 	0 	15 	0 	0 	0 	0 	0 	0 	0 	0 	0 	0 	0 	0 	0 	0 	0 	2.2689 	1.7075 	2.8303 	1.0000
317 	0 	0 	0 	0 	0 	0 	0 	0 	0 	0 	0 	0 	0 	0 	0 	0 	0 	15 	0 	0 	1.8865 	1.3306 	2.4423 	1.0000
318 	0 	0 	0 	0 	0 	0 	0 	0 	0 	0 	0 	0 	0 	0 	0 	15 	0 	0 	0 	0 	1.8547 	1.2985 	2.4108 	1.0000
319 	0 	0 	0 	0 	0 	0 	0 	2 	0 	0 	0 	0 	0 	0 	0 	0 	0 	13 	0 	0 	1.6539 	1.1192 	2.1886 	1.0000
320 	0 	0 	0 	0 	0 	14 	0 	0 	0 	0 	0 	0 	0 	0 	0 	1 	0 	0 	0 	0 	1.6798 	1.1265 	2.2332 	1.0000
321 	0 	0 	0 	0 	0 	0 	0 	0 	0 	15 	0 	0 	0 	0 	0 	0 	0 	0 	0 	0 	1.6667 	1.1064 	2.2269 	1.0000
322 	0 	0 	0 	0 	0 	0 	0 	0 	0 	0 	0 	0 	15 	0 	0 	0 	0 	0 	0 	0 	2.0726 	1.5160 	2.6291 	1.0000
323 	0 	0 	0 	0 	0 	0 	1 	0 	0 	0 	0 	11 	0 	0 	0 	1 	0 	0 	0 	2 	1.6737 	1.1494 	2.1981 	1.0000
324 	0 	0 	0 	0 	0 	0 	0 	0 	0 	0 	15 	0 	0 	0 	0 	0 	0 	0 	0 	0 	2.6295 	2.0494 	3.2095 	1.0000
325 	0 	0 	0 	0 	0 	0 	0 	0 	0 	0 	0 	0 	0 	0 	0 	0 	15 	0 	0 	0 	1.9794 	1.4236 	2.5351 	1.0000
326 	0 	0 	0 	2 	0 	0 	1 	0 	0 	0 	0 	0 	0 	12 	0 	0 	0 	0 	0 	0 	1.8314 	1.2946 	2.3682 	1.0000
327 	0 	0 	0 	2 	0 	13 	0 	0 	0 	0 	0 	0 	0 	0 	0 	0 	0 	0 	0 	0 	1.5865 	1.0529 	2.1200 	1.0000
328 	0 	0 	0 	0 	15 	0 	0 	0 	0 	0 	0 	0 	0 	0 	0 	0 	0 	0 	0 	0 	2.2689 	1.7075 	2.8303 	1.0000
329 	0 	0 	0 	0 	0 	0 	0 	0 	0 	0 	0 	0 	0 	0 	0 	0 	0 	0 	15 	0 	3.0915 	2.4712 	3.7119 	1.0000
330 	0 	0 	1 	11 	0 	0 	0 	0 	0 	0 	0 	0 	0 	2 	1 	0 	0 	0 	0 	0 	1.4454 	0.9326 	1.9582 	1.0000
331 	0 	0 	0 	0 	0 	0 	0 	0 	0 	0 	0 	15 	0 	0 	0 	0 	0 	0 	0 	0 	2.1803 	1.6216 	2.7390 	1.0000
332 	0 	0 	0 	0 	0 	0 	0 	0 	0 	0 	0 	0 	0 	0 	0 	15 	0 	0 	0 	0 	1.8547 	1.2985 	2.4108 	1.0000
333 	0 	0 	0 	0 	0 	0 	0 	0 	0 	0 	15 	0 	0 	0 	0 	0 	0 	0 	0 	0 	2.6295 	2.0494 	3.2095 	1.0000
334 	0 	0 	0 	0 	0 	0 	0 	0 	0 	15 	0 	0 	0 	0 	0 	0 	0 	0 	0 	0 	1.6667 	1.1064 	2.2269 	1.0000
335 	0 	0 	0 	0 	0 	0 	0 	0 	0 	0 	0 	0 	1 	0 	0 	0 	13 	1 	0 	0 	1.6844 	1.1380 	2.2309 	1.0000
336 	0 	0 	6 	9 	0 	0 	0 	0 	0 	0 	0 	0 	0 	0 	0 	0 	0 	0 	0 	0 	1.5160 	1.0647 	1.9673 	1.0000
337 	0 	0 	0 	0 	0 	0 	0 	0 	0 	0 	0 	0 	14 	0 	0 	1 	0 	0 	0 	0 	1.9107 	1.3573 	2.4641 	1.0000
338 	0 	0 	0 	0 	0 	12 	0 	0 	0 	0 	0 	0 	0 	0 	0 	3 	0 	0 	0 	0 	1.5026 	0.9949 	2.0104 	1.0000
339 	0 	0 	11 	0 	0 	0 	0 	0 	0 	0 	0 	4 	0 	0 	0 	0 	0 	0 	0 	0 	1.6843 	1.1967 	2.1719 	1.0000
340 	0 	0 	2 	0 	0 	2 	0 	0 	0 	0 	0 	2 	0 	0 	0 	5 	0 	4 	0 	0 	0.9526 	0.5981 	1.3071 	1.0000
341 	0 	0 	0 	0 	0 	0 	0 	0 	0 	0 	0 	0 	0 	5 	9 	0 	0 	0 	1 	0 	1.5730 	1.0894 	2.0567 	1.0000
342 	0 	0 	0 	0 	0 	0 	0 	0 	15 	0 	0 	0 	0 	0 	0 	0 	0 	0 	0 	0 	1.9919 	1.4361 	2.5477 	1.0000
343 	1 	0 	0 	0 	0 	0 	0 	0 	0 	0 	0 	0 	0 	0 	0 	0 	0 	14 	0 	0 	1.7320 	1.1805 	2.2835 	1.0000
344 	0 	0 	0 	0 	0 	0 	0 	0 	0 	0 	0 	0 	0 	0 	0 	0 	0 	15 	0 	0 	1.8865 	1.3306 	2.4423 	1.0000
345 	0 	15 	0 	0 	0 	0 	0 	0 	0 	0 	0 	0 	0 	0 	0 	0 	0 	0 	0 	0 	2.8886 	2.2880 	3.4892 	1.0000
346 	0 	0 	0 	0 	0 	0 	15 	0 	0 	0 	0 	0 	0 	0 	0 	0 	0 	0 	0 	0 	2.6946 	2.1099 	3.2794 	1.0000
347 	0 	0 	0 	0 	0 	0 	0 	0 	0 	0 	0 	0 	15 	0 	0 	0 	0 	0 	0 	0 	2.0726 	1.5160 	2.6291 	1.0000
348 	0 	0 	0 	0 	0 	0 	0 	0 	0 	0 	0 	0 	0 	0 	0 	0 	15 	0 	0 	0 	1.9794 	1.4236 	2.5351 	1.0000
349 	15 	0 	0 	0 	0 	0 	0 	0 	0 	0 	0 	0 	0 	0 	0 	0 	0 	0 	0 	0 	1.7321 	1.1738 	2.2904 	1.0000
350 	0 	0 	0 	0 	0 	0 	0 	0 	0 	0 	0 	0 	0 	0 	0 	0 	0 	0 	15 	0 	3.0915 	2.4712 	3.7119 	1.0000
351 	0 	0 	15 	0 	0 	0 	0 	0 	0 	0 	0 	0 	0 	0 	0 	0 	0 	0 	0 	0 	2.0446 	1.4884 	2.6009 	1.0000
352 	0 	0 	0 	0 	0 	0 	0 	0 	0 	15 	0 	0 	0 	0 	0 	0 	0 	0 	0 	0 	1.6667 	1.1064 	2.2269 	1.0000
353 	0 	0 	0 	0 	0 	15 	0 	0 	0 	0 	0 	0 	0 	0 	0 	0 	0 	0 	0 	0 	1.8243 	1.2678 	2.3808 	1.0000
354 	0 	0 	0 	0 	0 	0 	0 	0 	14 	0 	0 	0 	0 	0 	1 	0 	0 	0 	0 	0 	1.8423 	1.2885 	2.3962 	1.0000
355 	0 	0 	0 	0 	0 	12 	1 	0 	0 	0 	0 	0 	0 	0 	2 	0 	0 	0 	0 	0 	1.5011 	0.9610 	2.0412 	1.0000
356 	0 	0 	15 	0 	0 	0 	0 	0 	0 	0 	0 	0 	0 	0 	0 	0 	0 	0 	0 	0 	2.0446 	1.4884 	2.6009 	1.0000
357 	0 	0 	0 	0 	15 	0 	0 	0 	0 	0 	0 	0 	0 	0 	0 	0 	0 	0 	0 	0 	2.2689 	1.7075 	2.8303 	1.0000
358 	0 	0 	0 	0 	0 	0 	0 	0 	0 	0 	0 	0 	0 	0 	15 	0 	0 	0 	0 	0 	1.9919 	1.4361 	2.5477 	1.0000
359 	0 	0 	0 	0 	0 	0 	0 	15 	0 	0 	0 	0 	0 	0 	0 	0 	0 	0 	0 	0 	2.0584 	1.5021 	2.6148 	1.0000
360 	0 	0 	0 	0 	0 	0 	0 	3 	11 	1 	0 	0 	0 	0 	0 	0 	0 	0 	0 	0 	1.5174 	1.0227 	2.0122 	1.0000
361 	0 	0 	0 	0 	0 	0 	0 	0 	0 	0 	15 	0 	0 	0 	0 	0 	0 	0 	0 	0 	2.6295 	2.0494 	3.2095 	1.0000
362 	0 	15 	0 	0 	0 	0 	0 	0 	0 	0 	0 	0 	0 	0 	0 	0 	0 	0 	0 	0 	2.8886 	2.2880 	3.4892 	1.0000
363 	0 	0 	0 	0 	0 	0 	0 	0 	0 	0 	0 	0 	0 	0 	0 	0 	15 	0 	0 	0 	1.9794 	1.4236 	2.5351 	1.0000
364 	0 	0 	0 	0 	0 	0 	0 	0 	14 	0 	0 	0 	0 	0 	0 	0 	1 	0 	0 	0 	1.8417 	1.2880 	2.3954 	1.0000
365 	0 	0 	0 	0 	0 	0 	0 	0 	0 	0 	0 	0 	0 	0 	0 	0 	0 	15 	0 	0 	1.8865 	1.3306 	2.4423 	1.0000
366 	0 	0 	0 	0 	0 	0 	0 	0 	0 	0 	0 	0 	0 	0 	0 	0 	15 	0 	0 	0 	1.9794 	1.4236 	2.5351 	1.0000
367 	0 	0 	0 	0 	0 	0 	0 	0 	0 	0 	15 	0 	0 	0 	0 	0 	0 	0 	0 	0 	2.6295 	2.0494 	3.2095 	1.0000
368 	0 	0 	15 	0 	0 	0 	0 	0 	0 	0 	0 	0 	0 	0 	0 	0 	0 	0 	0 	0 	2.0446 	1.4884 	2.6009 	1.0000
369 	0 	0 	12 	0 	0 	0 	0 	0 	0 	0 	0 	3 	0 	0 	0 	0 	0 	0 	0 	0 	1.7339 	1.2227 	2.2451 	1.0000
370 	0 	0 	0 	0 	15 	0 	0 	0 	0 	0 	0 	0 	0 	0 	0 	0 	0 	0 	0 	0 	2.2689 	1.7075 	2.8303 	1.0000
371 	0 	0 	0 	0 	0 	0 	0 	0 	0 	15 	0 	0 	0 	0 	0 	0 	0 	0 	0 	0 	1.6667 	1.1064 	2.2269 	1.0000
372 	0 	0 	0 	0 	0 	0 	0 	0 	0 	0 	0 	0 	0 	0 	0 	0 	15 	0 	0 	0 	1.9794 	1.4236 	2.5351 	1.0000
373 	15 	0 	0 	0 	0 	0 	0 	0 	0 	0 	0 	0 	0 	0 	0 	0 	0 	0 	0 	0 	1.7321 	1.1738 	2.2904 	1.0000
374 	0 	0 	0 	0 	0 	0 	15 	0 	0 	0 	0 	0 	0 	0 	0 	0 	0 	0 	0 	0 	2.6946 	2.1099 	3.2794 	1.0000
375 	0 	0 	0 	0 	0 	0 	15 	0 	0 	0 	0 	0 	0 	0 	0 	0 	0 	0 	0 	0 	2.6946 	2.1099 	3.2794 	1.0000
376 	0 	0 	0 	15 	0 	0 	0 	0 	0 	0 	0 	0 	0 	0 	0 	0 	0 	0 	0 	0 	1.9313 	1.3756 	2.4870 	1.0000
377 	0 	0 	0 	0 	0 	0 	0 	0 	0 	0 	15 	0 	0 	0 	0 	0 	0 	0 	0 	0 	2.6295 	2.0494 	3.2095 	1.0000
378 	0 	0 	0 	0 	0 	15 	0 	0 	0 	0 	0 	0 	0 	0 	0 	0 	0 	0 	0 	0 	1.8243 	1.2678 	2.3808 	1.0000
379 	0 	0 	0 	0 	0 	0 	15 	0 	0 	0 	0 	0 	0 	0 	0 	0 	0 	0 	0 	0 	2.6946 	2.1099 	3.2794 	1.0000
380 	0 	0 	0 	0 	0 	0 	0 	15 	0 	0 	0 	0 	0 	0 	0 	0 	0 	0 	0 	0 	2.0584 	1.5021 	2.6148 	1.0000
381 	0 	0 	0 	0 	0 	0 	0 	0 	0 	0 	0 	0 	0 	15 	0 	0 	0 	0 	0 	0 	2.2502 	1.6895 	2.8110 	1.0000
382 	0 	0 	0 	0 	0 	0 	0 	0 	0 	0 	0 	0 	0 	0 	0 	0 	0 	0 	0 	15 	2.4151 	1.8476 	2.9826 	1.0000
383 	0 	0 	15 	0 	0 	0 	0 	0 	0 	0 	0 	0 	0 	0 	0 	0 	0 	0 	0 	0 	2.0446 	1.4884 	2.6009 	1.0000
384 	0 	0 	0 	0 	0 	0 	0 	0 	0 	0 	15 	0 	0 	0 	0 	0 	0 	0 	0 	0 	2.6295 	2.0494 	3.2095 	1.0000
385 	15 	0 	0 	0 	0 	0 	0 	0 	0 	0 	0 	0 	0 	0 	0 	0 	0 	0 	0 	0 	1.7321 	1.1738 	2.2904 	1.0000
386 	0 	0 	0 	0 	0 	0 	0 	0 	0 	0 	0 	0 	0 	0 	0 	0 	0 	0 	0 	15 	2.4151 	1.8476 	2.9826 	1.0000
387 	15 	0 	0 	0 	0 	0 	0 	0 	0 	0 	0 	0 	0 	0 	0 	0 	0 	0 	0 	0 	1.7321 	1.1738 	2.2904 	1.0000
388 	9 	0 	0 	1 	0 	0 	0 	0 	0 	0 	0 	0 	0 	0 	0 	0 	3 	2 	0 	0 	1.1327 	0.6787 	1.5867 	1.0000
389 	0 	0 	0 	0 	0 	0 	0 	0 	0 	0 	0 	0 	0 	15 	0 	0 	0 	0 	0 	0 	2.2502 	1.6895 	2.8110 	1.0000
390 	0 	0 	0 	0 	0 	0 	0 	0 	0 	0 	0 	0 	15 	0 	0 	0 	0 	0 	0 	0 	2.0726 	1.5160 	2.6291 	1.0000
391 	0 	0 	0 	0 	14 	0 	0 	0 	0 	0 	0 	0 	0 	0 	0 	0 	0 	0 	0 	1 	2.1224 	1.5590 	2.6858 	1.0000
392 	0 	0 	0 	0 	0 	0 	0 	0 	0 	15 	0 	0 	0 	0 	0 	0 	0 	0 	0 	0 	1.6667 	1.1064 	2.2269 	1.0000
393 	0 	0 	0 	0 	0 	0 	0 	0 	0 	15 	0 	0 	0 	0 	0 	0 	0 	0 	0 	0 	1.6667 	1.1064 	2.2269 	1.0000
394 	0 	0 	0 	0 	0 	0 	0 	0 	0 	0 	0 	0 	0 	0 	15 	0 	0 	0 	0 	0 	1.9919 	1.4361 	2.5477 	1.0000
395 	0 	0 	0 	0 	0 	0 	0 	0 	0 	0 	0 	15 	0 	0 	0 	0 	0 	0 	0 	0 	2.1803 	1.6216 	2.7390 	1.0000
396 	0 	0 	0 	0 	0 	15 	0 	0 	0 	0 	0 	0 	0 	0 	0 	0 	0 	0 	0 	0 	1.8243 	1.2678 	2.3808 	1.0000
397 	15 	0 	0 	0 	0 	0 	0 	0 	0 	0 	0 	0 	0 	0 	0 	0 	0 	0 	0 	0 	1.7321 	1.1738 	2.2904 	1.0000
398 	0 	0 	0 	0 	0 	0 	0 	0 	0 	0 	0 	15 	0 	0 	0 	0 	0 	0 	0 	0 	2.1803 	1.6216 	2.7390 	1.0000
399 	0 	0 	0 	15 	0 	0 	0 	0 	0 	0 	0 	0 	0 	0 	0 	0 	0 	0 	0 	0 	1.9313 	1.3756 	2.4870 	1.0000
400 	0 	0 	0 	0 	0 	15 	0 	0 	0 	0 	0 	0 	0 	0 	0 	0 	0 	0 	0 	0 	1.8243 	1.2678 	2.3808 	1.0000
401 	0 	0 	0 	0 	15 	0 	0 	0 	0 	0 	0 	0 	0 	0 	0 	0 	0 	0 	0 	0 	2.2689 	1.7075 	2.8303 	1.0000
402 	0 	0 	0 	0 	0 	0 	15 	0 	0 	0 	0 	0 	0 	0 	0 	0 	0 	0 	0 	0 	2.6946 	2.1099 	3.2794 	1.0000
403 	0 	0 	0 	15 	0 	0 	0 	0 	0 	0 	0 	0 	0 	0 	0 	0 	0 	0 	0 	0 	1.9313 	1.3756 	2.4870 	1.0000
404 	15 	0 	0 	0 	0 	0 	0 	0 	0 	0 	0 	0 	0 	0 	0 	0 	0 	0 	0 	0 	1.7321 	1.1738 	2.2904 	1.0000
405 	0 	0 	0 	0 	0 	0 	0 	0 	0 	0 	0 	0 	0 	0 	0 	0 	0 	15 	0 	0 	1.8865 	1.3306 	2.4423 	1.0000
406 	0 	0 	0 	0 	0 	15 	0 	0 	0 	0 	0 	0 	0 	0 	0 	0 	0 	0 	0 	0 	1.8243 	1.2678 	2.3808 	1.0000
407 	0 	0 	0 	15 	0 	0 	0 	0 	0 	0 	0 	0 	0 	0 	0 	0 	0 	0 	0 	0 	1.9313 	1.3756 	2.4870 	1.0000
408 	0 	0 	0 	0 	0 	0 	0 	15 	0 	0 	0 	0 	0 	0 	0 	0 	0 	0 	0 	0 	2.0584 	1.5021 	2.6148 	1.0000
409 	0 	0 	0 	0 	0 	0 	0 	0 	0 	0 	15 	0 	0 	0 	0 	0 	0 	0 	0 	0 	2.6295 	2.0494 	3.2095 	1.0000
410 	0 	0 	0 	0 	0 	0 	0 	0 	0 	0 	0 	0 	0 	0 	0 	15 	0 	0 	0 	0 	1.8547 	1.2985 	2.4108 	1.0000
411 	0 	0 	0 	0 	0 	0 	0 	0 	0 	15 	0 	0 	0 	0 	0 	0 	0 	0 	0 	0 	1.6667 	1.1064 	2.2269 	1.0000
412 	0 	0 	0 	0 	0 	0 	0 	0 	0 	0 	0 	0 	0 	0 	0 	15 	0 	0 	0 	0 	1.8547 	1.2985 	2.4108 	1.0000
413 	15 	0 	0 	0 	0 	0 	0 	0 	0 	0 	0 	0 	0 	0 	0 	0 	0 	0 	0 	0 	1.7321 	1.1738 	2.2904 	1.0000
414 	15 	0 	0 	0 	0 	0 	0 	0 	0 	0 	0 	0 	0 	0 	0 	0 	0 	0 	0 	0 	1.7321 	1.1738 	2.2904 	1.0000
415 	0 	0 	0 	0 	0 	0 	0 	0 	0 	0 	0 	0 	0 	0 	0 	0 	15 	0 	0 	0 	1.9794 	1.4236 	2.5351 	1.0000
416 	0 	0 	0 	0 	0 	0 	0 	0 	0 	0 	0 	0 	15 	0 	0 	0 	0 	0 	0 	0 	2.0726 	1.5160 	2.6291 	1.0000
417 	0 	0 	0 	3 	0 	0 	1 	0 	4 	0 	0 	7 	0 	0 	0 	0 	0 	0 	0 	0 	1.3158 	0.8998 	1.7317 	1.0000
418 	0 	0 	0 	0 	0 	0 	14 	0 	0 	0 	0 	0 	0 	0 	0 	0 	0 	0 	0 	1 	2.5190 	1.9337 	3.1043 	1.0000
419 	0 	0 	0 	0 	0 	0 	0 	0 	0 	15 	0 	0 	0 	0 	0 	0 	0 	0 	0 	0 	1.6667 	1.1064 	2.2269 	1.0000
420 	0 	0 	0 	0 	0 	0 	0 	0 	15 	0 	0 	0 	0 	0 	0 	0 	0 	0 	0 	0 	1.9919 	1.4361 	2.5477 	1.0000
421 	1 	0 	0 	0 	0 	0 	0 	0 	0 	0 	0 	5 	0 	0 	0 	7 	2 	0 	0 	0 	1.2157 	0.7994 	1.6321 	1.0000
422 	0 	0 	0 	0 	0 	0 	0 	14 	0 	1 	0 	0 	0 	0 	0 	0 	0 	0 	0 	0 	1.8891 	1.3366 	2.4416 	1.0000
423 	0 	0 	0 	0 	0 	15 	0 	0 	0 	0 	0 	0 	0 	0 	0 	0 	0 	0 	0 	0 	1.8243 	1.2678 	2.3808 	1.0000
424 	0 	0 	0 	0 	0 	0 	0 	0 	0 	15 	0 	0 	0 	0 	0 	0 	0 	0 	0 	0 	1.6667 	1.1064 	2.2269 	1.0000
425 	0 	0 	0 	0 	0 	0 	0 	0 	0 	15 	0 	0 	0 	0 	0 	0 	0 	0 	0 	0 	1.6667 	1.1064 	2.2269 	1.0000
426 	1 	0 	0 	0 	0 	0 	0 	0 	0 	0 	0 	0 	9 	0 	0 	5 	0 	0 	0 	0 	1.4228 	0.9701 	1.8756 	1.0000
427 	0 	0 	0 	0 	0 	0 	0 	0 	0 	0 	0 	0 	12 	0 	0 	2 	0 	0 	0 	1 	1.6663 	1.1383 	2.1944 	1.0000
428 	0 	0 	10 	0 	0 	2 	0 	0 	0 	0 	0 	0 	0 	0 	0 	3 	0 	0 	0 	0 	1.4208 	0.9534 	1.8882 	1.0000
429 	0 	0 	0 	0 	15 	0 	0 	0 	0 	0 	0 	0 	0 	0 	0 	0 	0 	0 	0 	0 	2.2689 	1.7075 	2.8303 	1.0000
430 	0 	0 	0 	0 	3 	0 	3 	0 	0 	0 	0 	0 	0 	5 	0 	4 	0 	0 	0 	0 	1.3232 	0.9329 	1.7136 	1.0000
431 	0 	0 	0 	15 	0 	0 	0 	0 	0 	0 	0 	0 	0 	0 	0 	0 	0 	0 	0 	0 	1.9313 	1.3756 	2.4870 	1.0000
432 	0 	0 	15 	0 	0 	0 	0 	0 	0 	0 	0 	0 	0 	0 	0 	0 	0 	0 	0 	0 	2.0446 	1.4884 	2.6009 	1.0000
433 	0 	0 	0 	0 	0 	0 	0 	0 	0 	0 	0 	7 	0 	0 	0 	8 	0 	0 	0 	0 	1.5321 	1.0807 	1.9834 	1.0000
434 	0 	0 	0 	15 	0 	0 	0 	0 	0 	0 	0 	0 	0 	0 	0 	0 	0 	0 	0 	0 	1.9313 	1.3756 	2.4870 	1.0000
435 	0 	0 	0 	0 	0 	0 	0 	0 	0 	0 	0 	0 	0 	0 	0 	0 	15 	0 	0 	0 	1.9794 	1.4236 	2.5351 	1.0000
436 	0 	0 	2 	13 	0 	0 	0 	0 	0 	0 	0 	0 	0 	0 	0 	0 	0 	0 	0 	0 	1.6909 	1.1571 	2.2248 	1.0000
437 	0 	0 	0 	0 	0 	0 	0 	15 	0 	0 	0 	0 	0 	0 	0 	0 	0 	0 	0 	0 	2.0584 	1.5021 	2.6148 	1.0000
438 	0 	0 	0 	0 	0 	0 	0 	0 	0 	0 	0 	15 	0 	0 	0 	0 	0 	0 	0 	0 	2.1803 	1.6216 	2.7390 	1.0000
439 	0 	0 	0 	0 	15 	0 	0 	0 	0 	0 	0 	0 	0 	0 	0 	0 	0 	0 	0 	0 	2.2689 	1.7075 	2.8303 	1.0000
440 	0 	0 	0 	0 	0 	0 	0 	0 	0 	15 	0 	0 	0 	0 	0 	0 	0 	0 	0 	0 	1.6667 	1.1064 	2.2269 	1.0000
441 	0 	0 	0 	0 	0 	0 	0 	0 	0 	15 	0 	0 	0 	0 	0 	0 	0 	0 	0 	0 	1.6667 	1.1064 	2.2269 	1.0000
442 	0 	0 	0 	0 	0 	0 	0 	0 	15 	0 	0 	0 	0 	0 	0 	0 	0 	0 	0 	0 	1.9919 	1.4361 	2.5477 	1.0000
443 	0 	0 	0 	0 	0 	0 	0 	0 	0 	0 	0 	0 	0 	15 	0 	0 	0 	0 	0 	0 	2.2502 	1.6895 	2.8110 	1.0000
444 	15 	0 	0 	0 	0 	0 	0 	0 	0 	0 	0 	0 	0 	0 	0 	0 	0 	0 	0 	0 	1.7321 	1.1738 	2.2904 	1.0000
445 	0 	0 	0 	0 	0 	0 	0 	0 	0 	15 	0 	0 	0 	0 	0 	0 	0 	0 	0 	0 	1.6667 	1.1064 	2.2269 	1.0000
446 	0 	0 	0 	0 	0 	0 	0 	0 	0 	0 	0 	0 	0 	0 	0 	0 	15 	0 	0 	0 	1.9794 	1.4236 	2.5351 	1.0000
447 	0 	0 	0 	0 	0 	0 	0 	15 	0 	0 	0 	0 	0 	0 	0 	0 	0 	0 	0 	0 	2.0584 	1.5021 	2.6148 	1.0000
448 	0 	0 	0 	0 	0 	0 	0 	0 	0 	0 	0 	0 	0 	0 	0 	0 	0 	15 	0 	0 	1.8865 	1.3306 	2.4423 	1.0000
449 	0 	0 	0 	0 	0 	15 	0 	0 	0 	0 	0 	0 	0 	0 	0 	0 	0 	0 	0 	0 	1.8243 	1.2678 	2.3808 	1.0000
450 	0 	0 	0 	0 	0 	0 	0 	0 	0 	0 	0 	0 	0 	0 	0 	0 	15 	0 	0 	0 	1.9794 	1.4236 	2.5351 	1.0000
451 	0 	0 	0 	0 	0 	0 	0 	0 	0 	15 	0 	0 	0 	0 	0 	0 	0 	0 	0 	0 	1.6667 	1.1064 	2.2269 	1.0000
452 	0 	0 	0 	0 	0 	0 	0 	0 	0 	0 	0 	0 	15 	0 	0 	0 	0 	0 	0 	0 	2.0726 	1.5160 	2.6291 	1.0000
453 	0 	0 	0 	0 	15 	0 	0 	0 	0 	0 	0 	0 	0 	0 	0 	0 	0 	0 	0 	0 	2.2689 	1.7075 	2.8303 	1.0000
454 	0 	0 	0 	0 	0 	0 	0 	0 	0 	0 	0 	0 	0 	0 	0 	0 	15 	0 	0 	0 	1.9794 	1.4236 	2.5351 	1.0000
455 	0 	0 	0 	0 	0 	0 	0 	0 	0 	0 	0 	0 	0 	0 	0 	0 	0 	0 	0 	15 	2.4151 	1.8476 	2.9826 	1.0000
456 	0 	0 	0 	0 	0 	0 	0 	0 	0 	0 	15 	0 	0 	0 	0 	0 	0 	0 	0 	0 	2.6295 	2.0494 	3.2095 	1.0000
457 	0 	0 	0 	0 	0 	0 	0 	0 	0 	15 	0 	0 	0 	0 	0 	0 	0 	0 	0 	0 	1.6667 	1.1064 	2.2269 	1.0000
458 	0 	0 	0 	15 	0 	0 	0 	0 	0 	0 	0 	0 	0 	0 	0 	0 	0 	0 	0 	0 	1.9313 	1.3756 	2.4870 	1.0000
459 	0 	0 	0 	0 	0 	0 	0 	0 	15 	0 	0 	0 	0 	0 	0 	0 	0 	0 	0 	0 	1.9919 	1.4361 	2.5477 	1.0000
460 	0 	0 	0 	0 	0 	0 	0 	0 	0 	0 	0 	0 	0 	0 	0 	0 	0 	0 	15 	0 	3.0915 	2.4712 	3.7119 	1.0000
461 	0 	0 	0 	0 	0 	0 	0 	0 	0 	0 	0 	0 	0 	0 	15 	0 	0 	0 	0 	0 	1.9919 	1.4361 	2.5477 	1.0000
462 	0 	0 	0 	0 	0 	0 	0 	0 	0 	0 	0 	0 	0 	0 	0 	0 	0 	0 	15 	0 	3.0915 	2.4712 	3.7119 	1.0000
463 	0 	0 	0 	0 	0 	0 	0 	0 	0 	0 	15 	0 	0 	0 	0 	0 	0 	0 	0 	0 	2.6295 	2.0494 	3.2095 	1.0000
464 	0 	0 	0 	0 	0 	0 	0 	0 	0 	0 	0 	0 	0 	0 	0 	0 	0 	15 	0 	0 	1.8865 	1.3306 	2.4423 	1.0000
465 	0 	0 	0 	0 	15 	0 	0 	0 	0 	0 	0 	0 	0 	0 	0 	0 	0 	0 	0 	0 	2.2689 	1.7075 	2.8303 	1.0000
466 	0 	0 	0 	0 	0 	0 	0 	0 	14 	0 	0 	0 	0 	0 	0 	0 	1 	0 	0 	0 	1.8417 	1.2880 	2.3954 	1.0000
467 	0 	0 	1 	0 	0 	14 	0 	0 	0 	0 	0 	0 	0 	0 	0 	0 	0 	0 	0 	0 	1.6891 	1.1330 	2.2452 	1.0000
468 	0 	0 	1 	14 	0 	0 	0 	0 	0 	0 	0 	0 	0 	0 	0 	0 	0 	0 	0 	0 	1.7886 	1.2340 	2.3432 	1.0000
469 	0 	0 	0 	0 	0 	0 	0 	15 	0 	0 	0 	0 	0 	0 	0 	0 	0 	0 	0 	0 	2.0584 	1.5021 	2.6148 	1.0000
470 	0 	0 	0 	0 	0 	0 	0 	0 	0 	0 	0 	0 	15 	0 	0 	0 	0 	0 	0 	0 	2.0726 	1.5160 	2.6291 	1.0000
471 	0 	0 	0 	0 	0 	0 	0 	0 	15 	0 	0 	0 	0 	0 	0 	0 	0 	0 	0 	0 	1.9919 	1.4361 	2.5477 	1.0000
472 	0 	0 	7 	7 	0 	0 	0 	0 	0 	0 	0 	0 	0 	1 	0 	0 	0 	0 	0 	0 	1.4114 	0.9712 	1.8516 	1.0000
473 	0 	0 	0 	0 	0 	0 	0 	0 	0 	0 	0 	0 	0 	15 	0 	0 	0 	0 	0 	0 	2.2502 	1.6895 	2.8110 	1.0000
474 	0 	0 	0 	0 	0 	0 	0 	0 	0 	0 	0 	0 	0 	0 	0 	0 	0 	0 	15 	0 	3.0915 	2.4712 	3.7119 	1.0000
475 	0 	0 	0 	0 	0 	0 	0 	0 	0 	0 	15 	0 	0 	0 	0 	0 	0 	0 	0 	0 	2.6295 	2.0494 	3.2095 	1.0000
476 	0 	0 	0 	2 	0 	0 	0 	0 	7 	0 	0 	0 	0 	6 	0 	0 	0 	0 	0 	0 	1.4243 	1.0008 	1.8479 	1.0000
477 	0 	0 	0 	0 	0 	0 	0 	0 	12 	0 	0 	0 	0 	0 	0 	0 	3 	0 	0 	0 	1.6566 	1.1488 	2.1644 	1.0000
478 	0 	0 	0 	0 	0 	0 	0 	0 	0 	0 	0 	0 	0 	0 	0 	0 	0 	0 	15 	0 	3.0915 	2.4712 	3.7119 	1.0000
479 	0 	0 	0 	0 	0 	0 	0 	0 	0 	0 	0 	0 	0 	0 	0 	0 	0 	0 	15 	0 	3.0915 	2.4712 	3.7119 	1.0000
480 	0 	0 	0 	15 	0 	0 	0 	0 	0 	0 	0 	0 	0 	0 	0 	0 	0 	0 	0 	0 	1.9313 	1.3756 	2.4870 	1.0000
481 	0 	0 	0 	0 	0 	0 	0 	0 	0 	0 	15 	0 	0 	0 	0 	0 	0 	0 	0 	0 	2.6295 	2.0494 	3.2095 	1.0000
482 	0 	0 	0 	0 	0 	0 	0 	0 	15 	0 	0 	0 	0 	0 	0 	0 	0 	0 	0 	0 	1.9919 	1.4361 	2.5477 	1.0000
483 	0 	0 	0 	0 	0 	0 	0 	0 	0 	0 	0 	0 	0 	0 	15 	0 	0 	0 	0 	0 	1.9919 	1.4361 	2.5477 	1.0000
484 	0 	0 	2 	10 	0 	0 	0 	0 	0 	0 	0 	3 	0 	0 	0 	0 	0 	0 	0 	0 	1.4282 	0.9551 	1.9012 	1.0000
485 	0 	0 	0 	0 	0 	0 	0 	15 	0 	0 	0 	0 	0 	0 	0 	0 	0 	0 	0 	0 	2.0584 	1.5021 	2.6148 	1.0000
486 	0 	0 	0 	0 	0 	0 	0 	0 	0 	0 	0 	0 	0 	0 	0 	0 	0 	15 	0 	0 	1.8865 	1.3306 	2.4423 	1.0000
487 	0 	0 	0 	0 	0 	15 	0 	0 	0 	0 	0 	0 	0 	0 	0 	0 	0 	0 	0 	0 	1.8243 	1.2678 	2.3808 	1.0000
488 	0 	0 	0 	0 	0 	0 	0 	0 	0 	0 	0 	0 	0 	0 	0 	0 	0 	15 	0 	0 	1.8865 	1.3306 	2.4423 	1.0000
489 	0 	0 	0 	0 	0 	0 	0 	0 	0 	0 	0 	0 	0 	0 	0 	0 	0 	15 	0 	0 	1.8865 	1.3306 	2.4423 	1.0000
490 	0 	0 	0 	15 	0 	0 	0 	0 	0 	0 	0 	0 	0 	0 	0 	0 	0 	0 	0 	0 	1.9313 	1.3756 	2.4870 	1.0000
491 	0 	0 	0 	0 	0 	0 	0 	0 	0 	0 	0 	0 	15 	0 	0 	0 	0 	0 	0 	0 	2.0726 	1.5160 	2.6291 	1.0000
492 	0 	0 	0 	0 	0 	0 	0 	0 	0 	4 	1 	0 	0 	0 	0 	0 	0 	10 	0 	0 	1.3561 	0.8676 	1.8445 	1.0000
493 	0 	0 	0 	0 	0 	0 	0 	0 	0 	0 	0 	0 	15 	0 	0 	0 	0 	0 	0 	0 	2.0726 	1.5160 	2.6291 	1.0000
494 	0 	0 	0 	0 	0 	0 	15 	0 	0 	0 	0 	0 	0 	0 	0 	0 	0 	0 	0 	0 	2.6946 	2.1099 	3.2794 	1.0000
495 	0 	0 	15 	0 	0 	0 	0 	0 	0 	0 	0 	0 	0 	0 	0 	0 	0 	0 	0 	0 	2.0446 	1.4884 	2.6009 	1.0000
496 	0 	0 	0 	15 	0 	0 	0 	0 	0 	0 	0 	0 	0 	0 	0 	0 	0 	0 	0 	0 	1.9313 	1.3756 	2.4870 	1.0000
497 	0 	0 	0 	0 	0 	0 	0 	0 	0 	0 	0 	0 	0 	0 	0 	0 	15 	0 	0 	0 	1.9794 	1.4236 	2.5351 	1.0000
498 	0 	0 	0 	0 	0 	0 	0 	0 	0 	0 	0 	0 	0 	0 	0 	0 	0 	0 	0 	15 	2.4151 	1.8476 	2.9826 	1.0000
499 	0 	15 	0 	0 	0 	0 	0 	0 	0 	0 	0 	0 	0 	0 	0 	0 	0 	0 	0 	0 	2.8886 	2.2880 	3.4892 	1.0000
500 	0 	0 	15 	0 	0 	0 	0 	0 	0 	0 	0 	0 	0 	0 	0 	0 	0 	0 	0 	0 	2.0446 	1.4884 	2.6009 	1.0000
501 	0 	0 	0 	0 	0 	0 	0 	0 	0 	0 	0 	0 	15 	0 	0 	0 	0 	0 	0 	0 	2.0726 	1.5160 	2.6291 	1.0000
502 	15 	0 	0 	0 	0 	0 	0 	0 	0 	0 	0 	0 	0 	0 	0 	0 	0 	0 	0 	0 	1.7321 	1.1738 	2.2904 	1.0000
503 	5 	1 	0 	0 	0 	0 	0 	0 	0 	0 	0 	0 	0 	0 	0 	9 	0 	0 	0 	0 	1.3211 	0.8419 	1.8004 	1.0000
504 	0 	0 	0 	0 	0 	0 	0 	0 	0 	15 	0 	0 	0 	0 	0 	0 	0 	0 	0 	0 	1.6667 	1.1064 	2.2269 	1.0000
505 	0 	0 	0 	0 	15 	0 	0 	0 	0 	0 	0 	0 	0 	0 	0 	0 	0 	0 	0 	0 	2.2689 	1.7075 	2.8303 	1.0000
506 	0 	0 	0 	0 	0 	0 	15 	0 	0 	0 	0 	0 	0 	0 	0 	0 	0 	0 	0 	0 	2.6946 	2.1099 	3.2794 	1.0000
507 	0 	0 	0 	0 	0 	0 	0 	0 	0 	0 	0 	0 	0 	0 	0 	0 	0 	15 	0 	0 	1.8865 	1.3306 	2.4423 	1.0000
508 	9 	0 	0 	0 	0 	0 	0 	0 	0 	0 	0 	0 	0 	0 	0 	6 	0 	0 	0 	0 	1.3294 	0.8763 	1.7825 	1.0000
509 	0 	0 	0 	1 	0 	0 	0 	0 	0 	0 	0 	14 	0 	0 	0 	0 	0 	0 	0 	0 	2.0146 	1.4583 	2.5709 	1.0000
510 	0 	0 	15 	0 	0 	0 	0 	0 	0 	0 	0 	0 	0 	0 	0 	0 	0 	0 	0 	0 	2.0446 	1.4884 	2.6009 	1.0000
511 	0 	0 	0 	0 	0 	0 	0 	0 	0 	0 	0 	0 	0 	0 	0 	0 	0 	0 	0 	15 	2.4151 	1.8476 	2.9826 	1.0000
512 	0 	0 	0 	0 	0 	0 	0 	0 	0 	0 	0 	0 	0 	0 	0 	15 	0 	0 	0 	0 	1.8547 	1.2985 	2.4108 	1.0000
513 	0 	0 	0 	0 	15 	0 	0 	0 	0 	0 	0 	0 	0 	0 	0 	0 	0 	0 	0 	0 	2.2689 	1.7075 	2.8303 	1.0000
514 	0 	0 	0 	0 	0 	0 	0 	15 	0 	0 	0 	0 	0 	0 	0 	0 	0 	0 	0 	0 	2.0584 	1.5021 	2.6148 	1.0000
515 	0 	0 	0 	0 	0 	0 	0 	0 	0 	0 	0 	0 	0 	0 	15 	0 	0 	0 	0 	0 	1.9919 	1.4361 	2.5477 	1.0000
516 	0 	0 	0 	0 	0 	0 	0 	0 	0 	0 	0 	0 	0 	0 	0 	0 	0 	0 	0 	15 	2.4151 	1.8476 	2.9826 	1.0000
517 	0 	0 	0 	0 	0 	0 	0 	0 	0 	0 	0 	0 	0 	0 	0 	0 	0 	0 	0 	15 	2.4151 	1.8476 	2.9826 	1.0000
518 	0 	0 	0 	0 	0 	0 	0 	0 	0 	0 	0 	0 	0 	0 	0 	0 	15 	0 	0 	0 	1.9794 	1.4236 	2.5351 	1.0000
519 	0 	0 	0 	0 	0 	0 	0 	0 	0 	0 	0 	0 	0 	0 	15 	0 	0 	0 	0 	0 	1.9919 	1.4361 	2.5477 	1.0000
520 	0 	0 	0 	0 	0 	0 	0 	0 	0 	0 	0 	0 	0 	0 	0 	0 	15 	0 	0 	0 	1.9794 	1.4236 	2.5351 	1.0000
521 	0 	0 	0 	0 	0 	0 	0 	11 	0 	4 	0 	0 	0 	0 	0 	0 	0 	0 	0 	0 	1.5715 	1.0820 	2.0610 	1.0000
522 	0 	0 	0 	0 	0 	0 	0 	0 	0 	0 	0 	0 	0 	0 	0 	0 	0 	0 	0 	15 	2.4151 	1.8476 	2.9826 	1.0000
523 	0 	0 	0 	0 	0 	0 	0 	0 	0 	0 	0 	0 	0 	15 	0 	0 	0 	0 	0 	0 	2.2502 	1.6895 	2.8110 	1.0000
524 	0 	0 	0 	0 	15 	0 	0 	0 	0 	0 	0 	0 	0 	0 	0 	0 	0 	0 	0 	0 	2.2689 	1.7075 	2.8303 	1.0000
525 	0 	0 	0 	0 	0 	0 	0 	0 	0 	0 	0 	0 	0 	15 	0 	0 	0 	0 	0 	0 	2.2502 	1.6895 	2.8110 	1.0000
526 	0 	0 	0 	0 	15 	0 	0 	0 	0 	0 	0 	0 	0 	0 	0 	0 	0 	0 	0 	0 	2.2689 	1.7075 	2.8303 	1.0000
527 	0 	0 	0 	0 	0 	0 	1 	0 	0 	0 	0 	0 	0 	14 	0 	0 	0 	0 	0 	0 	2.1211 	1.5533 	2.6888 	1.0000
528 	0 	0 	0 	15 	0 	0 	0 	0 	0 	0 	0 	0 	0 	0 	0 	0 	0 	0 	0 	0 	1.9313 	1.3756 	2.4870 	1.0000
529 	15 	0 	0 	0 	0 	0 	0 	0 	0 	0 	0 	0 	0 	0 	0 	0 	0 	0 	0 	0 	1.7321 	1.1738 	2.2904 	1.0000
530 	0 	0 	0 	0 	0 	0 	0 	0 	0 	15 	0 	0 	0 	0 	0 	0 	0 	0 	0 	0 	1.6667 	1.1064 	2.2269 	1.0000
531 	0 	15 	0 	0 	0 	0 	0 	0 	0 	0 	0 	0 	0 	0 	0 	0 	0 	0 	0 	0 	2.8886 	2.2880 	3.4892 	1.0000
532 	0 	0 	0 	0 	0 	0 	0 	0 	1 	0 	0 	0 	0 	12 	2 	0 	0 	0 	0 	0 	1.7997 	1.2723 	2.3271 	1.0000
533 	7 	0 	0 	0 	0 	0 	0 	7 	0 	0 	0 	0 	0 	0 	0 	0 	1 	0 	0 	0 	1.3159 	0.8720 	1.7598 	1.0000
534 	15 	0 	0 	0 	0 	0 	0 	0 	0 	0 	0 	0 	0 	0 	0 	0 	0 	0 	0 	0 	1.7321 	1.1738 	2.2904 	1.0000
535 	0 	0 	0 	0 	0 	0 	0 	0 	14 	0 	0 	0 	0 	1 	0 	0 	0 	0 	0 	0 	1.8557 	1.2982 	2.4131 	1.0000
536 	0 	0 	0 	0 	0 	0 	15 	0 	0 	0 	0 	0 	0 	0 	0 	0 	0 	0 	0 	0 	2.6946 	2.1099 	3.2794 	1.0000
537 	0 	0 	2 	13 	0 	0 	0 	0 	0 	0 	0 	0 	0 	0 	0 	0 	0 	0 	0 	0 	1.6909 	1.1571 	2.2248 	1.0000
538 	0 	0 	0 	0 	0 	15 	0 	0 	0 	0 	0 	0 	0 	0 	0 	0 	0 	0 	0 	0 	1.8243 	1.2678 	2.3808 	1.0000
539 	1 	0 	0 	0 	0 	0 	0 	0 	0 	0 	0 	0 	14 	0 	0 	0 	0 	0 	0 	0 	1.9051 	1.3522 	2.4580 	1.0000
540 	0 	0 	0 	0 	0 	0 	0 	0 	0 	15 	0 	0 	0 	0 	0 	0 	0 	0 	0 	0 	1.6667 	1.1064 	2.2269 	1.0000
541 	0 	0 	0 	0 	1 	0 	12 	0 	0 	0 	0 	0 	0 	0 	0 	0 	0 	0 	0 	2 	2.2159 	1.6603 	2.7716 	1.0000
542 	0 	0 	0 	0 	0 	0 	0 	0 	15 	0 	0 	0 	0 	0 	0 	0 	0 	0 	0 	0 	1.9919 	1.4361 	2.5477 	1.0000
543 	0 	15 	0 	0 	0 	0 	0 	0 	0 	0 	0 	0 	0 	0 	0 	0 	0 	0 	0 	0 	2.8886 	2.2880 	3.4892 	1.0000
544 	0 	0 	15 	0 	0 	0 	0 	0 	0 	0 	0 	0 	0 	0 	0 	0 	0 	0 	0 	0 	2.0446 	1.4884 	2.6009 	1.0000
545 	0 	0 	0 	0 	0 	0 	0 	15 	0 	0 	0 	0 	0 	0 	0 	0 	0 	0 	0 	0 	2.0584 	1.5021 	2.6148 	1.0000
546 	0 	0 	0 	0 	0 	0 	0 	0 	0 	0 	0 	0 	0 	0 	0 	15 	0 	0 	0 	0 	1.8547 	1.2985 	2.4108 	1.0000
547 	0 	0 	0 	0 	0 	0 	0 	0 	0 	0 	0 	15 	0 	0 	0 	0 	0 	0 	0 	0 	2.1803 	1.6216 	2.7390 	1.0000
548 	0 	0 	0 	0 	0 	0 	0 	0 	0 	0 	0 	0 	0 	0 	0 	15 	0 	0 	0 	0 	1.8547 	1.2985 	2.4108 	1.0000
549 	0 	0 	0 	0 	0 	0 	0 	0 	0 	0 	0 	0 	0 	0 	1 	6 	8 	0 	0 	0 	1.3507 	0.9101 	1.7914 	1.0000
550 	0 	0 	0 	15 	0 	0 	0 	0 	0 	0 	0 	0 	0 	0 	0 	0 	0 	0 	0 	0 	1.9313 	1.3756 	2.4870 	1.0000
551 	15 	0 	0 	0 	0 	0 	0 	0 	0 	0 	0 	0 	0 	0 	0 	0 	0 	0 	0 	0 	1.7321 	1.1738 	2.2904 	1.0000
552 	0 	0 	0 	0 	0 	15 	0 	0 	0 	0 	0 	0 	0 	0 	0 	0 	0 	0 	0 	0 	1.8243 	1.2678 	2.3808 	1.0000
553 	0 	0 	0 	0 	0 	0 	0 	0 	2 	0 	0 	0 	0 	13 	0 	0 	0 	0 	0 	0 	1.9597 	1.4216 	2.4978 	1.0000
554 	0 	0 	0 	0 	0 	0 	0 	0 	14 	0 	0 	0 	0 	0 	1 	0 	0 	0 	0 	0 	1.8423 	1.2885 	2.3962 	1.0000
555 	0 	0 	0 	0 	0 	0 	0 	0 	0 	15 	0 	0 	0 	0 	0 	0 	0 	0 	0 	0 	1.6667 	1.1064 	2.2269 	1.0000
556 	0 	0 	0 	0 	1 	0 	2 	0 	0 	12 	0 	0 	0 	0 	0 	0 	0 	0 	0 	0 	1.4355 	0.8698 	2.0011 	1.0000
557 	0 	0 	0 	5 	0 	0 	0 	0 	0 	0 	0 	7 	0 	3 	0 	0 	0 	0 	0 	0 	1.4069 	0.9959 	1.8180 	1.0000
558 	0 	0 	0 	0 	0 	0 	0 	0 	0 	0 	15 	0 	0 	0 	0 	0 	0 	0 	0 	0 	2.6295 	2.0494 	3.2095 	1.0000
559 	0 	0 	0 	0 	0 	0 	0 	0 	0 	15 	0 	0 	0 	0 	0 	0 	0 	0 	0 	0 	1.6667 	1.1064 	2.2269 	1.0000
560 	0 	0 	0 	0 	0 	0 	0 	0 	6 	0 	0 	0 	0 	0 	5 	2 	2 	0 	0 	0 	1.1467 	0.7630 	1.5304 	1.0000
561 	0 	0 	0 	0 	0 	0 	0 	0 	0 	15 	0 	0 	0 	0 	0 	0 	0 	0 	0 	0 	1.6667 	1.1064 	2.2269 	1.0000
562 	0 	0 	0 	0 	0 	15 	0 	0 	0 	0 	0 	0 	0 	0 	0 	0 	0 	0 	0 	0 	1.8243 	1.2678 	2.3808 	1.0000
563 	0 	0 	0 	0 	0 	0 	0 	0 	11 	0 	0 	1 	0 	0 	3 	0 	0 	0 	0 	0 	1.5305 	1.0327 	2.0282 	1.0000
564 	0 	0 	0 	0 	0 	0 	0 	0 	0 	0 	0 	0 	0 	0 	0 	15 	0 	0 	0 	0 	1.8547 	1.2985 	2.4108 	1.0000
565 	0 	0 	0 	8 	0 	0 	0 	0 	7 	0 	0 	0 	0 	0 	0 	0 	0 	0 	0 	0 	1.4870 	1.0442 	1.9298 	1.0000
566 	0 	0 	0 	0 	0 	0 	0 	0 	0 	0 	0 	0 	15 	0 	0 	0 	0 	0 	0 	0 	2.0726 	1.5160 	2.6291 	1.0000
567 	0 	0 	0 	0 	0 	0 	0 	0 	0 	0 	0 	0 	0 	0 	0 	0 	0 	0 	15 	0 	3.0915 	2.4712 	3.7119 	1.0000
568 	0 	0 	0 	0 	0 	0 	0 	0 	0 	0 	0 	0 	0 	0 	0 	0 	15 	0 	0 	0 	1.9794 	1.4236 	2.5351 	1.0000
569 	0 	0 	0 	0 	2 	0 	0 	0 	0 	10 	0 	0 	0 	0 	0 	0 	0 	0 	0 	3 	1.3251 	0.8191 	1.8312 	1.0000
570 	15 	0 	0 	0 	0 	0 	0 	0 	0 	0 	0 	0 	0 	0 	0 	0 	0 	0 	0 	0 	1.7321 	1.1738 	2.2904 	1.0000
571 	0 	0 	0 	0 	0 	0 	0 	0 	0 	15 	0 	0 	0 	0 	0 	0 	0 	0 	0 	0 	1.6667 	1.1064 	2.2269 	1.0000
572 	0 	0 	0 	15 	0 	0 	0 	0 	0 	0 	0 	0 	0 	0 	0 	0 	0 	0 	0 	0 	1.9313 	1.3756 	2.4870 	1.0000
573 	0 	0 	0 	0 	0 	0 	2 	3 	0 	0 	0 	8 	0 	0 	2 	0 	0 	0 	0 	0 	1.4095 	0.9710 	1.8480 	1.0000
574 	0 	0 	0 	0 	0 	0 	0 	1 	0 	0 	0 	0 	0 	0 	0 	0 	0 	14 	0 	0 	1.7476 	1.1923 	2.3028 	1.0000
575 	0 	0 	0 	0 	0 	0 	0 	0 	0 	0 	0 	0 	0 	0 	0 	0 	0 	15 	0 	0 	1.8865 	1.3306 	2.4423 	1.0000
576 	0 	0 	0 	0 	0 	15 	0 	0 	0 	0 	0 	0 	0 	0 	0 	0 	0 	0 	0 	0 	1.8243 	1.2678 	2.3808 	1.0000
577 	12 	0 	0 	2 	0 	0 	0 	1 	0 	0 	0 	0 	0 	0 	0 	0 	0 	0 	0 	0 	1.3867 	0.8588 	1.9146 	1.0000
578 	0 	0 	0 	0 	0 	0 	0 	0 	13 	0 	0 	0 	0 	0 	2 	0 	0 	0 	0 	0 	1.7372 	1.2045 	2.2700 	1.0000
579 	0 	0 	0 	0 	0 	0 	0 	0 	1 	0 	0 	11 	0 	0 	0 	0 	3 	0 	0 	0 	1.6547 	1.1563 	2.1532 	1.0000
580 	0 	0 	0 	0 	0 	0 	0 	0 	0 	0 	15 	0 	0 	0 	0 	0 	0 	0 	0 	0 	2.6295 	2.0494 	3.2095 	1.0000
581 	0 	0 	9 	0 	0 	0 	0 	0 	0 	0 	0 	5 	0 	0 	0 	1 	0 	0 	0 	0 	1.5128 	1.0583 	1.9673 	1.0000
582 	0 	0 	0 	0 	0 	0 	0 	0 	0 	0 	0 	0 	0 	0 	0 	0 	0 	15 	0 	0 	1.8865 	1.3306 	2.4423 	1.0000
583 	0 	0 	0 	0 	0 	0 	0 	0 	1 	0 	0 	0 	0 	0 	12 	0 	2 	0 	0 	0 	1.5937 	1.0717 	2.1157 	1.0000
584 	0 	0 	0 	0 	0 	0 	0 	0 	0 	0 	0 	0 	15 	0 	0 	0 	0 	0 	0 	0 	2.0726 	1.5160 	2.6291 	1.0000
585 	0 	0 	0 	0 	0 	0 	0 	0 	0 	15 	0 	0 	0 	0 	0 	0 	0 	0 	0 	0 	1.6667 	1.1064 	2.2269 	1.0000
586 	0 	0 	0 	0 	0 	0 	0 	0 	0 	15 	0 	0 	0 	0 	0 	0 	0 	0 	0 	0 	1.6667 	1.1064 	2.2269 	1.0000
587 	0 	0 	0 	0 	0 	0 	0 	0 	2 	0 	0 	13 	0 	0 	0 	0 	0 	0 	0 	0 	1.8994 	1.3637 	2.4351 	1.0000
588 	0 	0 	0 	0 	0 	0 	0 	0 	0 	0 	0 	0 	0 	0 	0 	0 	0 	0 	0 	15 	2.4151 	1.8476 	2.9826 	1.0000
589 	0 	0 	0 	0 	15 	0 	0 	0 	0 	0 	0 	0 	0 	0 	0 	0 	0 	0 	0 	0 	2.2689 	1.7075 	2.8303 	1.0000
590 	0 	0 	0 	15 	0 	0 	0 	0 	0 	0 	0 	0 	0 	0 	0 	0 	0 	0 	0 	0 	1.9313 	1.3756 	2.4870 	1.0000
591 	0 	0 	0 	0 	0 	0 	0 	0 	0 	0 	0 	0 	15 	0 	0 	0 	0 	0 	0 	0 	2.0726 	1.5160 	2.6291 	1.0000
592 	0 	0 	0 	0 	0 	0 	0 	0 	0 	15 	0 	0 	0 	0 	0 	0 	0 	0 	0 	0 	1.6667 	1.1064 	2.2269 	1.0000
593 	0 	0 	0 	0 	14 	0 	0 	0 	0 	0 	0 	0 	0 	0 	0 	1 	0 	0 	0 	0 	2.0934 	1.5343 	2.6525 	1.0000
594 	1 	0 	0 	0 	0 	0 	0 	0 	0 	0 	0 	0 	0 	0 	0 	0 	13 	1 	0 	0 	1.6681 	1.1246 	2.2117 	1.0000
595 	0 	0 	0 	0 	0 	0 	0 	0 	0 	0 	0 	0 	0 	0 	0 	0 	0 	0 	15 	0 	3.0915 	2.4712 	3.7119 	1.0000
596 	0 	0 	0 	0 	0 	0 	0 	0 	0 	15 	0 	0 	0 	0 	0 	0 	0 	0 	0 	0 	1.6667 	1.1064 	2.2269 	1.0000
597 	0 	0 	0 	0 	0 	0 	0 	0 	15 	0 	0 	0 	0 	0 	0 	0 	0 	0 	0 	0 	1.9919 	1.4361 	2.5477 	1.0000
598 	0 	0 	4 	11 	0 	0 	0 	0 	0 	0 	0 	0 	0 	0 	0 	0 	0 	0 	0 	0 	1.5694 	1.0839 	2.0549 	1.0000
599 	0 	0 	0 	0 	0 	0 	0 	0 	0 	0 	0 	0 	0 	15 	0 	0 	0 	0 	0 	0 	2.2502 	1.6895 	2.8110 	1.0000
600 	0 	0 	0 	0 	0 	0 	0 	0 	0 	0 	0 	15 	0 	0 	0 	0 	0 	0 	0 	0 	2.1803 	1.6216 	2.7390 	1.0000
601 	0 	0 	0 	0 	0 	0 	0 	0 	6 	0 	0 	0 	0 	0 	9 	0 	0 	0 	0 	0 	1.5314 	1.0813 	1.9815 	1.0000
602 	0 	0 	0 	0 	0 	0 	0 	0 	0 	0 	0 	15 	0 	0 	0 	0 	0 	0 	0 	0 	2.1803 	1.6216 	2.7390 	1.0000
603 	0 	0 	0 	0 	0 	0 	0 	0 	0 	0 	0 	0 	0 	0 	0 	15 	0 	0 	0 	0 	1.8547 	1.2985 	2.4108 	1.0000
604 	0 	0 	0 	0 	14 	0 	0 	0 	0 	1 	0 	0 	0 	0 	0 	0 	0 	0 	0 	0 	2.0849 	1.5256 	2.6443 	1.0000
605 	0 	0 	0 	0 	0 	0 	0 	0 	0 	0 	0 	0 	0 	0 	0 	0 	0 	15 	0 	0 	1.8865 	1.3306 	2.4423 	1.0000
606 	0 	0 	0 	0 	0 	15 	0 	0 	0 	0 	0 	0 	0 	0 	0 	0 	0 	0 	0 	0 	1.8243 	1.2678 	2.3808 	1.0000
607 	0 	0 	0 	0 	0 	0 	0 	0 	0 	0 	0 	0 	0 	0 	0 	0 	0 	0 	15 	0 	3.0915 	2.4712 	3.7119 	1.0000
608 	0 	0 	0 	0 	0 	0 	0 	0 	0 	0 	0 	9 	0 	0 	0 	6 	0 	0 	0 	0 	1.5901 	1.1325 	2.0477 	1.0000
609 	0 	0 	0 	0 	0 	0 	0 	0 	0 	0 	0 	0 	0 	0 	0 	0 	15 	0 	0 	0 	1.9794 	1.4236 	2.5351 	1.0000
610 	0 	0 	13 	2 	0 	0 	0 	0 	0 	0 	0 	0 	0 	0 	0 	0 	0 	0 	0 	0 	1.7759 	1.2434 	2.3084 	1.0000
611 	0 	0 	0 	0 	0 	0 	0 	0 	0 	0 	0 	0 	0 	0 	0 	0 	0 	0 	15 	0 	3.0915 	2.4712 	3.7119 	1.0000
612 	0 	0 	0 	0 	0 	1 	0 	0 	0 	0 	0 	0 	0 	0 	2 	10 	2 	0 	0 	0 	1.2659 	0.7878 	1.7441 	1.0000
613 	0 	0 	0 	0 	0 	0 	0 	0 	0 	0 	0 	0 	15 	0 	0 	0 	0 	0 	0 	0 	2.0726 	1.5160 	2.6291 	1.0000
614 	0 	0 	0 	0 	0 	0 	0 	0 	0 	0 	0 	0 	0 	0 	0 	0 	0 	0 	0 	15 	2.4151 	1.8476 	2.9826 	1.0000
615 	14 	0 	0 	0 	0 	0 	0 	0 	0 	0 	0 	0 	0 	0 	0 	1 	0 	0 	0 	0 	1.5942 	1.0387 	2.1496 	1.0000
616 	0 	0 	15 	0 	0 	0 	0 	0 	0 	0 	0 	0 	0 	0 	0 	0 	0 	0 	0 	0 	2.0446 	1.4884 	2.6009 	1.0000
617 	0 	0 	0 	0 	0 	0 	0 	0 	0 	0 	0 	0 	0 	15 	0 	0 	0 	0 	0 	0 	2.2502 	1.6895 	2.8110 	1.0000
618 	0 	0 	0 	0 	0 	0 	0 	0 	0 	0 	0 	0 	0 	0 	0 	15 	0 	0 	0 	0 	1.8547 	1.2985 	2.4108 	1.0000
619 	0 	0 	0 	0 	0 	0 	0 	15 	0 	0 	0 	0 	0 	0 	0 	0 	0 	0 	0 	0 	2.0584 	1.5021 	2.6148 	1.0000
620 	0 	0 	0 	0 	0 	0 	0 	0 	15 	0 	0 	0 	0 	0 	0 	0 	0 	0 	0 	0 	1.9919 	1.4361 	2.5477 	1.0000
621 	0 	0 	0 	0 	0 	0 	0 	0 	0 	0 	0 	0 	0 	0 	0 	0 	0 	15 	0 	0 	1.8865 	1.3306 	2.4423 	1.0000
622 	0 	0 	0 	0 	0 	0 	0 	0 	0 	0 	0 	0 	0 	0 	15 	0 	0 	0 	0 	0 	1.9919 	1.4361 	2.5477 	1.0000
623 	0 	0 	0 	0 	0 	0 	0 	15 	0 	0 	0 	0 	0 	0 	0 	0 	0 	0 	0 	0 	2.0584 	1.5021 	2.6148 	1.0000
624 	0 	0 	0 	0 	0 	0 	0 	0 	0 	0 	0 	0 	0 	0 	0 	15 	0 	0 	0 	0 	1.8547 	1.2985 	2.4108 	1.0000
625 	0 	0 	0 	0 	0 	0 	0 	0 	0 	15 	0 	0 	0 	0 	0 	0 	0 	0 	0 	0 	1.6667 	1.1064 	2.2269 	1.0000
626 	0 	0 	0 	0 	0 	0 	0 	0 	15 	0 	0 	0 	0 	0 	0 	0 	0 	0 	0 	0 	1.9919 	1.4361 	2.5477 	1.0000
627 	0 	0 	0 	0 	0 	0 	0 	0 	0 	0 	0 	0 	0 	0 	0 	14 	1 	0 	0 	0 	1.7140 	1.1595 	2.2686 	1.0000
628 	15 	0 	0 	0 	0 	0 	0 	0 	0 	0 	0 	0 	0 	0 	0 	0 	0 	0 	0 	0 	1.7321 	1.1738 	2.2904 	1.0000
629 	0 	0 	0 	0 	0 	0 	0 	0 	0 	15 	0 	0 	0 	0 	0 	0 	0 	0 	0 	0 	1.6667 	1.1064 	2.2269 	1.0000
630 	0 	0 	0 	0 	0 	15 	0 	0 	0 	0 	0 	0 	0 	0 	0 	0 	0 	0 	0 	0 	1.8243 	1.2678 	2.3808 	1.0000
631 	1 	0 	6 	7 	0 	0 	0 	0 	1 	0 	0 	0 	0 	0 	0 	0 	0 	0 	0 	0 	1.2727 	0.8459 	1.6995 	1.0000
632 	0 	0 	0 	1 	0 	0 	0 	0 	9 	0 	0 	4 	0 	1 	0 	0 	0 	0 	0 	0 	1.3949 	0.9347 	1.8550 	1.0000
633 	15 	0 	0 	0 	0 	0 	0 	0 	0 	0 	0 	0 	0 	0 	0 	0 	0 	0 	0 	0 	1.7321 	1.1738 	2.2904 	1.0000
634 	0 	0 	0 	0 	0 	0 	0 	0 	0 	0 	0 	0 	0 	0 	0 	0 	0 	0 	0 	15 	2.4151 	1.8476 	2.9826 	1.0000
635 	0 	0 	0 	14 	0 	0 	0 	0 	1 	0 	0 	0 	0 	0 	0 	0 	0 	0 	0 	0 	1.7859 	1.2320 	2.3399 	1.0000
636 	0 	0 	0 	0 	0 	0 	0 	0 	0 	0 	0 	0 	0 	0 	0 	0 	0 	0 	15 	0 	3.0915 	2.4712 	3.7119 	1.0000
637 	0 	0 	1 	0 	0 	0 	0 	0 	0 	0 	0 	14 	0 	0 	0 	0 	0 	0 	0 	0 	2.0202 	1.4632 	2.5773 	1.0000
638 	0 	0 	12 	0 	0 	0 	0 	0 	0 	0 	0 	3 	0 	0 	0 	0 	0 	0 	0 	0 	1.7339 	1.2227 	2.2451 	1.0000
639 	0 	0 	0 	0 	0 	0 	0 	0 	0 	0 	0 	14 	0 	0 	0 	1 	0 	0 	0 	0 	2.0110 	1.4550 	2.5669 	1.0000
640 	0 	0 	0 	15 	0 	0 	0 	0 	0 	0 	0 	0 	0 	0 	0 	0 	0 	0 	0 	0 	1.9313 	1.3756 	2.4870 	1.0000
641 	0 	0 	0 	0 	0 	0 	0 	0 	0 	0 	15 	0 	0 	0 	0 	0 	0 	0 	0 	0 	2.6295 	2.0494 	3.2095 	1.0000
642 	0 	0 	0 	0 	0 	0 	0 	0 	0 	0 	0 	0 	0 	0 	0 	0 	0 	0 	0 	15 	2.4151 	1.8476 	2.9826 	1.0000
643 	0 	0 	0 	0 	2 	0 	0 	0 	0 	13 	0 	0 	0 	0 	0 	0 	0 	0 	0 	0 	1.4893 	0.9393 	2.0393 	1.0000
644 	0 	0 	0 	0 	15 	0 	0 	0 	0 	0 	0 	0 	0 	0 	0 	0 	0 	0 	0 	0 	2.2689 	1.7075 	2.8303 	1.0000
645 	0 	0 	0 	0 	0 	0 	0 	0 	0 	0 	0 	0 	0 	3 	12 	0 	0 	0 	0 	0 	1.7049 	1.1912 	2.2185 	1.0000
646 	1 	0 	0 	0 	0 	0 	0 	0 	0 	0 	0 	0 	0 	0 	0 	14 	0 	0 	0 	0 	1.7024 	1.1507 	2.2541 	1.0000
647 	0 	0 	0 	0 	0 	0 	0 	0 	0 	0 	0 	0 	0 	0 	0 	15 	0 	0 	0 	0 	1.8547 	1.2985 	2.4108 	1.0000
648 	0 	0 	0 	0 	0 	0 	0 	5 	0 	0 	0 	0 	0 	0 	0 	0 	0 	10 	0 	0 	1.5104 	1.0435 	1.9774 	1.0000
649 	15 	0 	0 	0 	0 	0 	0 	0 	0 	0 	0 	0 	0 	0 	0 	0 	0 	0 	0 	0 	1.7321 	1.1738 	2.2904 	1.0000
650 	0 	0 	0 	0 	0 	0 	0 	0 	0 	0 	0 	0 	0 	0 	0 	0 	0 	0 	0 	15 	2.4151 	1.8476 	2.9826 	1.0000
651 	15 	0 	0 	0 	0 	0 	0 	0 	0 	0 	0 	0 	0 	0 	0 	0 	0 	0 	0 	0 	1.7321 	1.1738 	2.2904 	1.0000
652 	0 	0 	0 	0 	0 	0 	0 	0 	0 	0 	15 	0 	0 	0 	0 	0 	0 	0 	0 	0 	2.6295 	2.0494 	3.2095 	1.0000
653 	0 	0 	0 	0 	0 	0 	0 	0 	0 	0 	0 	0 	0 	0 	15 	0 	0 	0 	0 	0 	1.9919 	1.4361 	2.5477 	1.0000
654 	0 	0 	0 	4 	0 	0 	0 	0 	2 	0 	0 	0 	0 	5 	0 	0 	2 	2 	0 	0 	1.0641 	0.7088 	1.4195 	1.0000
655 	0 	0 	0 	0 	0 	0 	0 	0 	0 	0 	0 	0 	0 	0 	0 	0 	0 	0 	0 	15 	2.4151 	1.8476 	2.9826 	1.0000
656 	0 	0 	0 	0 	15 	0 	0 	0 	0 	0 	0 	0 	0 	0 	0 	0 	0 	0 	0 	0 	2.2689 	1.7075 	2.8303 	1.0000
657 	2 	0 	0 	0 	0 	0 	0 	0 	0 	4 	0 	0 	0 	0 	0 	9 	0 	0 	0 	0 	1.1951 	0.7511 	1.6390 	1.0000
658 	0 	0 	0 	9 	0 	0 	0 	0 	6 	0 	0 	0 	0 	0 	0 	0 	0 	0 	0 	0 	1.4961 	1.0458 	1.9465 	1.0000
659 	1 	0 	0 	0 	0 	0 	0 	2 	0 	0 	0 	3 	0 	0 	0 	0 	0 	9 	0 	0 	1.2673 	0.8132 	1.7213 	1.0000
660 	0 	0 	0 	0 	0 	0 	0 	0 	14 	0 	0 	0 	0 	0 	1 	0 	0 	0 	0 	0 	1.8423 	1.2885 	2.3962 	1.0000
661 	0 	0 	0 	0 	0 	0 	3 	0 	2 	0 	0 	8 	0 	0 	0 	0 	2 	0 	0 	0 	1.4424 	0.9989 	1.8859 	1.0000
662 	0 	0 	0 	1 	0 	0 	0 	0 	0 	0 	0 	0 	0 	14 	0 	0 	0 	0 	0 	0 	2.0797 	1.5212 	2.6383 	1.0000
663 	0 	0 	0 	0 	0 	0 	0 	0 	0 	0 	1 	1 	0 	0 	0 	0 	13 	0 	0 	0 	1.7297 	1.1697 	2.2897 	1.0000
664 	0 	0 	0 	0 	0 	0 	0 	12 	0 	0 	0 	0 	0 	0 	0 	0 	0 	3 	0 	0 	1.6931 	1.1851 	2.2012 	1.0000
665 	0 	0 	0 	0 	0 	0 	0 	0 	0 	6 	0 	0 	9 	0 	0 	0 	0 	0 	0 	0 	1.4576 	0.9967 	1.9185 	1.0000
666 	0 	0 	0 	0 	15 	0 	0 	0 	0 	0 	0 	0 	0 	0 	0 	0 	0 	0 	0 	0 	2.2689 	1.7075 	2.8303 	1.0000
667 	0 	0 	0 	0 	0 	8 	0 	0 	0 	0 	0 	0 	0 	0 	0 	0 	0 	7 	0 	0 	1.3856 	0.9423 	1.8289 	1.0000
668 	0 	0 	1 	11 	0 	1 	0 	0 	0 	0 	0 	0 	0 	0 	0 	0 	0 	2 	0 	0 	1.3965 	0.8911 	1.9019 	1.0000
669 	0 	0 	6 	7 	0 	0 	0 	0 	2 	0 	0 	0 	0 	0 	0 	0 	0 	0 	0 	0 	1.3259 	0.9080 	1.7437 	1.0000
670 	0 	0 	9 	0 	0 	0 	0 	0 	0 	0 	0 	6 	0 	0 	0 	0 	0 	0 	0 	0 	1.6335 	1.1800 	2.0871 	1.0000
671 	0 	0 	0 	0 	0 	0 	0 	2 	0 	0 	0 	0 	0 	0 	0 	0 	0 	13 	0 	0 	1.6539 	1.1192 	2.1886 	1.0000
672 	0 	0 	0 	0 	0 	0 	1 	0 	0 	0 	0 	0 	0 	0 	8 	0 	0 	0 	6 	0 	1.8725 	1.3355 	2.4094 	1.0000
673 	0 	0 	0 	0 	0 	0 	0 	0 	0 	0 	0 	0 	0 	0 	0 	0 	0 	15 	0 	0 	1.8865 	1.3306 	2.4423 	1.0000
674 	4 	0 	0 	0 	0 	0 	0 	0 	0 	0 	0 	0 	0 	0 	0 	11 	0 	0 	0 	0 	1.4398 	0.9558 	1.9238 	1.0000
675 	0 	0 	12 	0 	0 	0 	0 	0 	0 	0 	0 	3 	0 	0 	0 	0 	0 	0 	0 	0 	1.7339 	1.2227 	2.2451 	1.0000
676 	0 	0 	0 	0 	0 	0 	0 	0 	1 	14 	0 	0 	0 	0 	0 	0 	0 	0 	0 	0 	1.5400 	0.9798 	2.1002 	1.0000
677 	0 	0 	0 	0 	0 	0 	0 	0 	15 	0 	0 	0 	0 	0 	0 	0 	0 	0 	0 	0 	1.9919 	1.4361 	2.5477 	1.0000
678 	0 	0 	0 	0 	0 	0 	0 	0 	0 	0 	0 	0 	15 	0 	0 	0 	0 	0 	0 	0 	2.0726 	1.5160 	2.6291 	1.0000
679 	0 	0 	0 	0 	0 	0 	0 	0 	0 	0 	0 	0 	0 	0 	15 	0 	0 	0 	0 	0 	1.9919 	1.4361 	2.5477 	1.0000
680 	0 	0 	0 	0 	0 	0 	0 	13 	0 	0 	0 	0 	0 	0 	0 	0 	0 	2 	0 	0 	1.7830 	1.2505 	2.3155 	1.0000
681 	0 	0 	0 	0 	0 	0 	0 	0 	0 	0 	0 	0 	0 	0 	0 	15 	0 	0 	0 	0 	1.8547 	1.2985 	2.4108 	1.0000
682 	0 	0 	0 	0 	15 	0 	0 	0 	0 	0 	0 	0 	0 	0 	0 	0 	0 	0 	0 	0 	2.2689 	1.7075 	2.8303 	1.0000
683 	0 	0 	0 	0 	0 	0 	0 	0 	1 	0 	0 	14 	0 	0 	0 	0 	0 	0 	0 	0 	2.0176 	1.4609 	2.5742 	1.0000
684 	0 	0 	0 	0 	15 	0 	0 	0 	0 	0 	0 	0 	0 	0 	0 	0 	0 	0 	0 	0 	2.2689 	1.7075 	2.8303 	1.0000
685 	0 	0 	0 	0 	10 	0 	0 	2 	0 	0 	0 	0 	0 	0 	0 	0 	0 	0 	0 	3 	1.6932 	1.2137 	2.1726 	1.0000
686 	0 	0 	0 	0 	0 	0 	0 	0 	0 	0 	0 	0 	0 	0 	0 	0 	0 	15 	0 	0 	1.8865 	1.3306 	2.4423 	1.0000
687 	0 	0 	0 	0 	0 	0 	0 	0 	0 	0 	0 	0 	0 	0 	0 	0 	15 	0 	0 	0 	1.9794 	1.4236 	2.5351 	1.0000
688 	7 	0 	0 	0 	0 	0 	0 	0 	0 	0 	0 	0 	0 	0 	0 	8 	0 	0 	0 	0 	1.3332 	0.8883 	1.7781 	1.0000
689 	0 	0 	0 	0 	0 	0 	0 	0 	0 	0 	0 	0 	13 	0 	0 	2 	0 	0 	0 	0 	1.7917 	1.2590 	2.3244 	1.0000
690 	0 	0 	0 	2 	0 	3 	0 	0 	6 	0 	0 	2 	0 	2 	0 	0 	0 	0 	0 	0 	1.0478 	0.6760 	1.4197 	1.0000
691 	0 	0 	0 	0 	0 	0 	0 	0 	0 	0 	0 	15 	0 	0 	0 	0 	0 	0 	0 	0 	2.1803 	1.6216 	2.7390 	1.0000
692 	0 	0 	0 	0 	0 	0 	0 	0 	0 	0 	2 	0 	0 	0 	0 	0 	0 	13 	0 	0 	1.7211 	1.1668 	2.2754 	1.0000
693 	0 	0 	0 	0 	0 	0 	0 	0 	0 	0 	0 	1 	0 	0 	0 	14 	0 	0 	0 	0 	1.7243 	1.1664 	2.2821 	1.0000
694 	0 	0 	15 	0 	0 	0 	0 	0 	0 	0 	0 	0 	0 	0 	0 	0 	0 	0 	0 	0 	2.0446 	1.4884 	2.6009 	1.0000
695 	0 	0 	0 	0 	0 	0 	0 	13 	0 	0 	0 	0 	0 	0 	0 	0 	0 	2 	0 	0 	1.7830 	1.2505 	2.3155 	1.0000
696 	0 	0 	0 	0 	0 	0 	0 	15 	0 	0 	0 	0 	0 	0 	0 	0 	0 	0 	0 	0 	2.0584 	1.5021 	2.6148 	1.0000
697 	0 	0 	0 	0 	0 	0 	0 	0 	0 	0 	0 	0 	15 	0 	0 	0 	0 	0 	0 	0 	2.0726 	1.5160 	2.6291 	1.0000
698 	0 	0 	0 	0 	0 	0 	0 	0 	0 	0 	0 	0 	0 	0 	15 	0 	0 	0 	0 	0 	1.9919 	1.4361 	2.5477 	1.0000
699 	2 	0 	0 	0 	0 	0 	0 	0 	1 	0 	0 	2 	0 	0 	1 	1 	8 	0 	0 	0 	1.0938 	0.6611 	1.5265 	1.0000
700 	0 	0 	3 	12 	0 	0 	0 	0 	0 	0 	0 	0 	0 	0 	0 	0 	0 	0 	0 	0 	1.6201 	1.1110 	2.1293 	1.0000
701 	0 	0 	0 	0 	0 	0 	0 	0 	0 	0 	0 	0 	0 	0 	0 	0 	0 	15 	0 	0 	1.8865 	1.3306 	2.4423 	1.0000
702 	0 	0 	0 	15 	0 	0 	0 	0 	0 	0 	0 	0 	0 	0 	0 	0 	0 	0 	0 	0 	1.9313 	1.3756 	2.4870 	1.0000
703 	0 	0 	1 	12 	0 	0 	0 	0 	1 	0 	0 	1 	0 	0 	0 	0 	0 	0 	0 	0 	1.5185 	0.9810 	2.0560 	1.0000
704 	15 	0 	0 	0 	0 	0 	0 	0 	0 	0 	0 	0 	0 	0 	0 	0 	0 	0 	0 	0 	1.7321 	1.1738 	2.2904 	1.0000
705 	0 	0 	0 	0 	0 	0 	0 	14 	0 	0 	0 	0 	0 	0 	0 	0 	0 	1 	0 	0 	1.8991 	1.3456 	2.4525 	1.0000
706 	0 	0 	0 	0 	0 	0 	0 	0 	0 	0 	0 	0 	0 	0 	0 	0 	0 	0 	0 	0 	1.0790 	0.4518 	1.7063 	0.0000
707 	0 	0 	0 	0 	0 	0 	0 	0 	0 	0 	0 	0 	0 	0 	0 	0 	0 	0 	0 	0 	1.0790 	0.4518 	1.7063 	0.0000
708 	0 	0 	0 	0 	0 	0 	0 	0 	0 	0 	0 	0 	0 	0 	14 	1 	0 	0 	0 	0 	1.8357 	1.2832 	2.3882 	1.0000
709 	0 	0 	0 	0 	2 	0 	0 	2 	2 	2 	7 	0 	0 	0 	0 	0 	0 	0 	0 	0 	1.3709 	0.9355 	1.8062 	1.0000
710 	0 	0 	0 	0 	0 	0 	0 	0 	0 	0 	0 	0 	0 	0 	0 	12 	0 	0 	0 	3 	1.6266 	1.1014 	2.1518 	1.0000
711 	0 	0 	0 	0 	0 	0 	0 	0 	0 	0 	0 	0 	0 	0 	15 	0 	0 	0 	0 	0 	1.9919 	1.4361 	2.5477 	1.0000
712 	0 	0 	1 	0 	0 	5 	0 	0 	0 	0 	0 	0 	0 	0 	0 	9 	0 	0 	0 	0 	1.3016 	0.8480 	1.7553 	1.0000
713 	0 	0 	0 	0 	0 	0 	0 	0 	0 	0 	0 	0 	0 	0 	15 	0 	0 	0 	0 	0 	1.9919 	1.4361 	2.5477 	1.0000
714 	0 	0 	0 	0 	1 	0 	0 	14 	0 	0 	0 	0 	0 	0 	0 	0 	0 	0 	0 	0 	1.9185 	1.3607 	2.4764 	1.0000
715 	0 	0 	0 	0 	0 	0 	0 	0 	0 	0 	0 	15 	0 	0 	0 	0 	0 	0 	0 	0 	2.1803 	1.6216 	2.7390 	1.0000
716 	0 	0 	15 	0 	0 	0 	0 	0 	0 	0 	0 	0 	0 	0 	0 	0 	0 	0 	0 	0 	2.0446 	1.4884 	2.6009 	1.0000
717 	8 	0 	0 	0 	0 	0 	0 	1 	0 	0 	0 	0 	0 	0 	0 	0 	0 	6 	0 	0 	1.2398 	0.7944 	1.6851 	1.0000
718 	0 	0 	0 	0 	15 	0 	0 	0 	0 	0 	0 	0 	0 	0 	0 	0 	0 	0 	0 	0 	2.2689 	1.7075 	2.8303 	1.0000
719 	0 	0 	0 	0 	0 	2 	0 	0 	0 	0 	0 	0 	0 	2 	11 	0 	0 	0 	0 	0 	1.5092 	1.0095 	2.0089 	1.0000
720 	0 	0 	0 	0 	0 	0 	0 	0 	0 	15 	0 	0 	0 	0 	0 	0 	0 	0 	0 	0 	1.6667 	1.1064 	2.2269 	1.0000
721 	0 	0 	11 	0 	0 	0 	0 	0 	0 	0 	0 	4 	0 	0 	0 	0 	0 	0 	0 	0 	1.6843 	1.1967 	2.1719 	1.0000
722 	0 	0 	15 	0 	0 	0 	0 	0 	0 	0 	0 	0 	0 	0 	0 	0 	0 	0 	0 	0 	2.0446 	1.4884 	2.6009 	1.0000
723 	0 	0 	0 	0 	0 	0 	0 	0 	0 	0 	0 	15 	0 	0 	0 	0 	0 	0 	0 	0 	2.1803 	1.6216 	2.7390 	1.0000
724 	0 	0 	0 	0 	0 	0 	0 	0 	0 	0 	0 	0 	0 	0 	0 	15 	0 	0 	0 	0 	1.8547 	1.2985 	2.4108 	1.0000
725 	0 	0 	0 	0 	0 	0 	0 	0 	0 	15 	0 	0 	0 	0 	0 	0 	0 	0 	0 	0 	1.6667 	1.1064 	2.2269 	1.0000
726 	0 	0 	0 	15 	0 	0 	0 	0 	0 	0 	0 	0 	0 	0 	0 	0 	0 	0 	0 	0 	1.9313 	1.3756 	2.4870 	1.0000
727 	0 	0 	0 	0 	15 	0 	0 	0 	0 	0 	0 	0 	0 	0 	0 	0 	0 	0 	0 	0 	2.2689 	1.7075 	2.8303 	1.0000
728 	0 	0 	0 	0 	0 	0 	0 	0 	0 	14 	0 	0 	0 	0 	0 	0 	0 	1 	0 	0 	1.5349 	0.9766 	2.0931 	1.0000
729 	0 	0 	0 	0 	0 	15 	0 	0 	0 	0 	0 	0 	0 	0 	0 	0 	0 	0 	0 	0 	1.8243 	1.2678 	2.3808 	1.0000
730 	0 	0 	0 	0 	0 	0 	0 	15 	0 	0 	0 	0 	0 	0 	0 	0 	0 	0 	0 	0 	2.0584 	1.5021 	2.6148 	1.0000
731 	0 	0 	0 	0 	0 	0 	0 	0 	0 	0 	0 	1 	0 	13 	0 	0 	0 	0 	0 	1 	1.9507 	1.3942 	2.5073 	1.0000
732 	0 	0 	0 	0 	0 	0 	0 	0 	0 	0 	0 	0 	12 	0 	0 	1 	2 	0 	0 	0 	1.6509 	1.1292 	2.1725 	1.0000
733 	0 	0 	0 	0 	0 	0 	0 	0 	0 	0 	0 	0 	0 	0 	0 	0 	15 	0 	0 	0 	1.9794 	1.4236 	2.5351 	1.0000
734 	0 	0 	0 	0 	0 	0 	0 	0 	0 	15 	0 	0 	0 	0 	0 	0 	0 	0 	0 	0 	1.6667 	1.1064 	2.2269 	1.0000
735 	3 	0 	0 	3 	0 	5 	0 	0 	0 	0 	0 	0 	0 	0 	0 	3 	0 	1 	0 	0 	0.8828 	0.5352 	1.2305 	1.0000
736 	0 	0 	0 	0 	0 	0 	0 	0 	0 	0 	0 	0 	15 	0 	0 	0 	0 	0 	0 	0 	2.0726 	1.5160 	2.6291 	1.0000
737 	0 	0 	0 	0 	0 	0 	0 	0 	0 	0 	0 	0 	15 	0 	0 	0 	0 	0 	0 	0 	2.0726 	1.5160 	2.6291 	1.0000
738 	0 	0 	0 	0 	0 	0 	0 	0 	0 	0 	0 	1 	0 	0 	0 	0 	0 	0 	0 	14 	2.2458 	1.6790 	2.8126 	1.0000
739 	0 	0 	0 	5 	0 	0 	0 	0 	0 	0 	0 	0 	0 	10 	0 	0 	0 	0 	0 	0 	1.7087 	1.2364 	2.1811 	1.0000
740 	0 	0 	0 	0 	0 	0 	0 	0 	0 	0 	0 	0 	11 	0 	0 	4 	0 	0 	0 	0 	1.6257 	1.1401 	2.1112 	1.0000
741 	0 	0 	0 	0 	0 	0 	0 	0 	0 	0 	0 	0 	15 	0 	0 	0 	0 	0 	0 	0 	2.0726 	1.5160 	2.6291 	1.0000
742 	0 	0 	0 	0 	0 	0 	0 	1 	0 	0 	0 	0 	0 	0 	0 	0 	0 	14 	0 	0 	1.7476 	1.1923 	2.3028 	1.0000
743 	0 	0 	0 	0 	0 	0 	0 	0 	0 	0 	0 	0 	1 	0 	0 	1 	13 	0 	0 	0 	1.6829 	1.1367 	2.2291 	1.0000
744 	0 	0 	0 	0 	0 	0 	0 	12 	0 	0 	0 	0 	0 	0 	0 	0 	3 	0 	0 	0 	1.7092 	1.2010 	2.2175 	1.0000
745 	0 	0 	0 	0 	0 	0 	0 	0 	0 	0 	0 	0 	0 	0 	0 	0 	0 	0 	15 	0 	3.0915 	2.4712 	3.7119 	1.0000
746 	0 	0 	0 	0 	0 	0 	0 	0 	0 	15 	0 	0 	0 	0 	0 	0 	0 	0 	0 	0 	1.6667 	1.1064 	2.2269 	1.0000
747 	0 	0 	0 	0 	0 	0 	0 	14 	0 	0 	0 	0 	0 	0 	0 	0 	0 	1 	0 	0 	1.8991 	1.3456 	2.4525 	1.0000
748 	0 	0 	0 	0 	0 	0 	0 	3 	0 	0 	0 	0 	0 	0 	0 	0 	0 	12 	0 	0 	1.5871 	1.0769 	2.0973 	1.0000
749 	0 	0 	0 	0 	15 	0 	0 	0 	0 	0 	0 	0 	0 	0 	0 	0 	0 	0 	0 	0 	2.2689 	1.7075 	2.8303 	1.0000
750 	0 	0 	0 	0 	0 	15 	0 	0 	0 	0 	0 	0 	0 	0 	0 	0 	0 	0 	0 	0 	1.8243 	1.2678 	2.3808 	1.0000
751 	0 	0 	0 	0 	0 	0 	0 	0 	0 	0 	0 	0 	0 	0 	0 	0 	0 	15 	0 	0 	1.8865 	1.3306 	2.4423 	1.0000
752 	0 	0 	0 	0 	0 	0 	0 	0 	0 	0 	0 	0 	0 	0 	0 	0 	0 	15 	0 	0 	1.8865 	1.3306 	2.4423 	1.0000
753 	0 	0 	0 	0 	0 	0 	0 	0 	0 	0 	15 	0 	0 	0 	0 	0 	0 	0 	0 	0 	2.6295 	2.0494 	3.2095 	1.0000
754 	1 	0 	0 	0 	0 	14 	0 	0 	0 	0 	0 	0 	0 	0 	0 	0 	0 	0 	0 	0 	1.6742 	1.1222 	2.2263 	1.0000
755 	0 	0 	0 	0 	0 	0 	0 	2 	0 	0 	1 	0 	0 	0 	0 	0 	0 	12 	0 	0 	1.5537 	1.0169 	2.0906 	1.0000
756 	0 	0 	0 	0 	0 	0 	0 	5 	0 	0 	0 	0 	0 	0 	0 	0 	0 	10 	0 	0 	1.5104 	1.0435 	1.9774 	1.0000
757 	0 	0 	0 	0 	0 	0 	0 	0 	0 	0 	0 	0 	0 	0 	0 	0 	0 	15 	0 	0 	1.8865 	1.3306 	2.4423 	1.0000
758 	3 	0 	0 	0 	0 	0 	0 	2 	0 	0 	0 	0 	0 	0 	0 	0 	0 	10 	0 	0 	1.3227 	0.8530 	1.7924 	1.0000
759 	0 	0 	0 	0 	0 	15 	0 	0 	0 	0 	0 	0 	0 	0 	0 	0 	0 	0 	0 	0 	1.8243 	1.2678 	2.3808 	1.0000
760 	0 	0 	0 	0 	0 	0 	0 	15 	0 	0 	0 	0 	0 	0 	0 	0 	0 	0 	0 	0 	2.0584 	1.5021 	2.6148 	1.0000
761 	0 	0 	0 	0 	2 	0 	0 	1 	0 	0 	0 	0 	0 	0 	0 	0 	0 	12 	0 	0 	1.5465 	1.0163 	2.0768 	1.0000
762 	0 	0 	0 	0 	0 	0 	0 	3 	0 	7 	0 	0 	0 	0 	0 	0 	0 	5 	0 	0 	1.1314 	0.7176 	1.5452 	1.0000
763 	0 	0 	0 	0 	0 	0 	0 	0 	0 	15 	0 	0 	0 	0 	0 	0 	0 	0 	0 	0 	1.6667 	1.1064 	2.2269 	1.0000
764 	0 	0 	0 	0 	0 	0 	0 	15 	0 	0 	0 	0 	0 	0 	0 	0 	0 	0 	0 	0 	2.0584 	1.5021 	2.6148 	1.0000
765 	0 	0 	0 	0 	13 	0 	0 	0 	0 	0 	0 	0 	0 	0 	0 	0 	0 	2 	0 	0 	1.9642 	1.4251 	2.5034 	1.0000
766 	0 	0 	0 	0 	0 	0 	0 	0 	0 	0 	0 	0 	0 	0 	0 	7 	8 	0 	0 	0 	1.4508 	1.0073 	1.8944 	1.0000
767 	0 	0 	0 	0 	0 	15 	0 	0 	0 	0 	0 	0 	0 	0 	0 	0 	0 	0 	0 	0 	1.8243 	1.2678 	2.3808 	1.0000
768 	0 	0 	0 	0 	0 	0 	0 	15 	0 	0 	0 	0 	0 	0 	0 	0 	0 	0 	0 	0 	2.0584 	1.5021 	2.6148 	1.0000
769 	0 	0 	0 	0 	0 	0 	0 	0 	3 	0 	0 	0 	0 	0 	12 	0 	0 	0 	0 	0 	1.6588 	1.1509 	2.1667 	1.0000
770 	0 	0 	5 	0 	0 	2 	0 	0 	0 	0 	0 	8 	0 	0 	0 	0 	0 	0 	0 	0 	1.4435 	1.0135 	1.8734 	1.0000
771 	0 	0 	0 	0 	0 	0 	0 	0 	0 	0 	0 	0 	0 	0 	15 	0 	0 	0 	0 	0 	1.9919 	1.4361 	2.5477 	1.0000
772 	0 	0 	0 	0 	0 	0 	0 	0 	6 	0 	0 	0 	0 	0 	9 	0 	0 	0 	0 	0 	1.5314 	1.0813 	1.9815 	1.0000
773 	0 	0 	0 	0 	0 	0 	0 	0 	15 	0 	0 	0 	0 	0 	0 	0 	0 	0 	0 	0 	1.9919 	1.4361 	2.5477 	1.0000
774 	0 	0 	0 	0 	0 	0 	0 	0 	7 	0 	0 	7 	0 	1 	0 	0 	0 	0 	0 	0 	1.4991 	1.0568 	1.9413 	1.0000
775 	0 	0 	3 	0 	0 	0 	0 	0 	1 	0 	0 	11 	0 	0 	0 	0 	0 	0 	0 	0 	1.6662 	1.1677 	2.1646 	1.0000
776 	0 	0 	0 	2 	0 	0 	0 	0 	1 	0 	0 	0 	0 	12 	0 	0 	0 	0 	0 	0 	1.7930 	1.2655 	2.3205 	1.0000
777 	13 	0 	0 	0 	0 	0 	0 	0 	0 	0 	0 	0 	0 	0 	0 	0 	2 	0 	0 	0 	1.5126 	0.9753 	2.0499 	1.0000
778 	0 	0 	0 	0 	0 	0 	0 	0 	3 	0 	0 	0 	0 	0 	11 	1 	0 	0 	0 	0 	1.5142 	1.0199 	2.0085 	1.0000
779 	0 	0 	0 	0 	0 	3 	0 	0 	0 	0 	0 	0 	0 	0 	3 	9 	0 	0 	0 	0 	1.2550 	0.8139 	1.6960 	1.0000
780 	0 	0 	0 	15 	0 	0 	0 	0 	0 	0 	0 	0 	0 	0 	0 	0 	0 	0 	0 	0 	1.9313 	1.3756 	2.4870 	1.0000
781 	0 	0 	0 	15 	0 	0 	0 	0 	0 	0 	0 	0 	0 	0 	0 	0 	0 	0 	0 	0 	1.9313 	1.3756 	2.4870 	1.0000
782 	0 	0 	0 	0 	0 	0 	0 	0 	0 	0 	0 	15 	0 	0 	0 	0 	0 	0 	0 	0 	2.1803 	1.6216 	2.7390 	1.0000
783 	0 	0 	0 	0 	0 	0 	0 	0 	0 	0 	0 	0 	15 	0 	0 	0 	0 	0 	0 	0 	2.0726 	1.5160 	2.6291 	1.0000
784 	0 	0 	0 	0 	0 	0 	0 	0 	0 	0 	0 	0 	0 	0 	0 	0 	0 	0 	0 	15 	2.4151 	1.8476 	2.9826 	1.0000
785 	11 	0 	2 	0 	0 	2 	0 	0 	0 	0 	0 	0 	0 	0 	0 	0 	0 	0 	0 	0 	1.2989 	0.7980 	1.7998 	1.0000
786 	0 	0 	0 	0 	1 	0 	0 	0 	0 	0 	0 	0 	0 	0 	0 	14 	0 	0 	0 	0 	1.7290 	1.1694 	2.2886 	1.0000
787 	0 	0 	0 	0 	0 	0 	0 	4 	0 	0 	1 	0 	0 	0 	0 	0 	0 	10 	0 	0 	1.4490 	0.9622 	1.9357 	1.0000
788 	0 	0 	15 	0 	0 	0 	0 	0 	0 	0 	0 	0 	0 	0 	0 	0 	0 	0 	0 	0 	2.0446 	1.4884 	2.6009 	1.0000
789 	0 	0 	0 	0 	0 	0 	0 	6 	0 	8 	1 	0 	0 	0 	0 	0 	0 	0 	0 	0 	1.3026 	0.8339 	1.7712 	1.0000
790 	0 	0 	0 	0 	0 	2 	0 	0 	0 	0 	0 	3 	0 	0 	0 	10 	0 	0 	0 	0 	1.3543 	0.8807 	1.8280 	1.0000
791 	0 	0 	0 	0 	0 	0 	0 	0 	15 	0 	0 	0 	0 	0 	0 	0 	0 	0 	0 	0 	1.9919 	1.4361 	2.5477 	1.0000
792 	0 	0 	0 	0 	0 	15 	0 	0 	0 	0 	0 	0 	0 	0 	0 	0 	0 	0 	0 	0 	1.8243 	1.2678 	2.3808 	1.0000
793 	0 	0 	0 	15 	0 	0 	0 	0 	0 	0 	0 	0 	0 	0 	0 	0 	0 	0 	0 	0 	1.9313 	1.3756 	2.4870 	1.0000
794 	0 	0 	0 	0 	0 	0 	0 	0 	0 	0 	0 	13 	0 	0 	0 	2 	0 	0 	0 	0 	1.8845 	1.3488 	2.4202 	1.0000
795 	0 	0 	0 	0 	0 	0 	0 	0 	0 	0 	0 	15 	0 	0 	0 	0 	0 	0 	0 	0 	2.1803 	1.6216 	2.7390 	1.0000
796 	2 	0 	0 	0 	0 	0 	0 	0 	0 	0 	0 	0 	11 	0 	0 	2 	0 	0 	0 	0 	1.5135 	1.0179 	2.0092 	1.0000
797 	0 	0 	0 	0 	0 	15 	0 	0 	0 	0 	0 	0 	0 	0 	0 	0 	0 	0 	0 	0 	1.8243 	1.2678 	2.3808 	1.0000
798 	0 	0 	0 	0 	15 	0 	0 	0 	0 	0 	0 	0 	0 	0 	0 	0 	0 	0 	0 	0 	2.2689 	1.7075 	2.8303 	1.0000
799 	0 	0 	0 	0 	0 	0 	0 	0 	0 	1 	0 	0 	0 	14 	0 	0 	0 	0 	0 	0 	2.0676 	1.5091 	2.6261 	1.0000
800 	0 	0 	0 	0 	0 	0 	2 	0 	0 	0 	0 	12 	0 	0 	0 	1 	0 	0 	0 	0 	1.8202 	1.2806 	2.3598 	1.0000
801 	2 	0 	0 	0 	0 	0 	0 	1 	0 	0 	0 	2 	0 	0 	0 	1 	4 	5 	0 	0 	0.9248 	0.5658 	1.2838 	1.0000
802 	0 	0 	15 	0 	0 	0 	0 	0 	0 	0 	0 	0 	0 	0 	0 	0 	0 	0 	0 	0 	2.0446 	1.4884 	2.6009 	1.0000
803 	0 	0 	15 	0 	0 	0 	0 	0 	0 	0 	0 	0 	0 	0 	0 	0 	0 	0 	0 	0 	2.0446 	1.4884 	2.6009 	1.0000
804 	5 	0 	0 	0 	0 	0 	0 	1 	0 	0 	0 	0 	0 	0 	0 	0 	0 	9 	0 	0 	1.2930 	0.8378 	1.7481 	1.0000
805 	0 	0 	0 	0 	0 	0 	0 	0 	0 	0 	0 	0 	0 	15 	0 	0 	0 	0 	0 	0 	2.2502 	1.6895 	2.8110 	1.0000
806 	0 	0 	0 	0 	0 	0 	0 	0 	0 	0 	0 	0 	0 	0 	0 	0 	15 	0 	0 	0 	1.9794 	1.4236 	2.5351 	1.0000
807 	0 	0 	0 	0 	0 	0 	0 	0 	0 	0 	0 	0 	0 	0 	0 	15 	0 	0 	0 	0 	1.8547 	1.2985 	2.4108 	1.0000
808 	0 	0 	0 	0 	14 	0 	0 	0 	0 	1 	0 	0 	0 	0 	0 	0 	0 	0 	0 	0 	2.0849 	1.5256 	2.6443 	1.0000
# End LogoData
