## LogoData
# First column is position number, counting from zero
# Subsequent columns are raw symbol counts
# Entropy is mean entropy measured in nats.
# Low and High are the 95% confidence limits.
# Weight is the fraction of non-gap symbols in the column.
#	
#	A 	C 	D 	E 	F 	G 	H 	I 	K 	L 	M 	N 	P 	Q 	R 	S 	T 	V 	W 	Y 	Entropy	Low	High	Weight
1 	0 	0 	0 	0 	0 	0 	0 	0 	0 	0 	3 	0 	0 	0 	0 	0 	0 	0 	0 	0 	1.5684 	0.8658 	2.2709 	1.0000
2 	0 	0 	0 	0 	0 	0 	0 	0 	0 	0 	0 	0 	0 	0 	0 	3 	0 	0 	0 	0 	1.2035 	0.5360 	1.8710 	1.0000
3 	0 	0 	0 	0 	0 	2 	0 	0 	0 	0 	0 	0 	0 	0 	0 	1 	0 	0 	0 	0 	1.0349 	0.4580 	1.6118 	1.0000
4 	0 	0 	0 	0 	0 	0 	0 	0 	0 	0 	0 	0 	0 	0 	0 	3 	0 	0 	0 	0 	1.2035 	0.5360 	1.8710 	1.0000
5 	0 	0 	0 	0 	1 	0 	0 	0 	0 	0 	0 	0 	0 	0 	0 	2 	0 	0 	0 	0 	1.0979 	0.5181 	1.6778 	1.0000
6 	0 	0 	0 	0 	0 	0 	0 	0 	0 	0 	0 	0 	0 	0 	0 	0 	0 	0 	3 	0 	1.7983 	0.9975 	2.5991 	1.0000
7 	0 	0 	0 	0 	0 	0 	0 	0 	0 	3 	0 	0 	0 	0 	0 	0 	0 	0 	0 	0 	1.1213 	0.4297 	1.8129 	1.0000
8 	0 	0 	0 	0 	1 	0 	0 	0 	0 	2 	0 	0 	0 	0 	0 	0 	0 	0 	0 	0 	1.0469 	0.4421 	1.6517 	1.0000
9 	0 	0 	0 	0 	0 	0 	0 	0 	0 	3 	0 	0 	0 	0 	0 	0 	0 	0 	0 	0 	1.1213 	0.4297 	1.8129 	1.0000
10 	0 	0 	0 	0 	0 	0 	0 	0 	0 	0 	0 	0 	0 	0 	0 	3 	0 	0 	0 	0 	1.2035 	0.5360 	1.8710 	1.0000
11 	0 	0 	0 	0 	0 	0 	0 	0 	0 	3 	0 	0 	0 	0 	0 	0 	0 	0 	0 	0 	1.1213 	0.4297 	1.8129 	1.0000
12 	0 	0 	0 	0 	0 	0 	0 	1 	0 	0 	0 	0 	0 	0 	0 	0 	0 	2 	0 	0 	1.0781 	0.5078 	1.6485 	1.0000
13 	2 	0 	0 	0 	0 	0 	0 	0 	0 	0 	0 	0 	1 	0 	0 	0 	0 	0 	0 	0 	1.0375 	0.4507 	1.6243 	1.0000
14 	0 	0 	0 	0 	0 	0 	0 	0 	0 	0 	0 	0 	0 	0 	0 	0 	0 	3 	0 	0 	1.2177 	0.5530 	1.8825 	1.0000
15 	0 	0 	0 	0 	0 	0 	0 	0 	0 	0 	0 	0 	0 	0 	0 	0 	3 	0 	0 	0 	1.2597 	0.6006 	1.9188 	1.0000
16 	2 	0 	0 	0 	0 	0 	0 	0 	0 	0 	0 	0 	0 	0 	0 	0 	1 	0 	0 	0 	1.0254 	0.4399 	1.6109 	1.0000
17 	3 	0 	0 	0 	0 	0 	0 	0 	0 	0 	0 	0 	0 	0 	0 	0 	0 	0 	0 	0 	1.1496 	0.4680 	1.8312 	1.0000
18 	0 	0 	0 	0 	0 	0 	0 	0 	0 	0 	0 	0 	0 	3 	0 	0 	0 	0 	0 	0 	1.3855 	0.7249 	2.0461 	1.0000
19 	0 	0 	0 	0 	0 	0 	0 	0 	0 	0 	0 	0 	0 	0 	0 	3 	0 	0 	0 	0 	1.2035 	0.5360 	1.8710 	1.0000
20 	0 	0 	0 	0 	0 	0 	0 	0 	0 	1 	0 	0 	0 	0 	0 	0 	2 	0 	0 	0 	1.0565 	0.4778 	1.6352 	1.0000
21 	0 	0 	0 	0 	0 	0 	0 	0 	0 	0 	0 	0 	0 	0 	0 	0 	3 	0 	0 	0 	1.2597 	0.6006 	1.9188 	1.0000
22 	0 	0 	0 	3 	0 	0 	0 	0 	0 	0 	0 	0 	0 	0 	0 	0 	0 	0 	0 	0 	1.2379 	0.5763 	1.8996 	1.0000
23 	0 	0 	0 	2 	0 	0 	0 	0 	1 	0 	0 	0 	0 	0 	0 	0 	0 	0 	0 	0 	1.0821 	0.5149 	1.6493 	1.0000
24 	0 	0 	0 	0 	0 	0 	0 	0 	0 	1 	0 	2 	0 	0 	0 	0 	0 	0 	0 	0 	1.1154 	0.5336 	1.6973 	1.0000
25 	3 	0 	0 	0 	0 	0 	0 	0 	0 	0 	0 	0 	0 	0 	0 	0 	0 	0 	0 	0 	1.1496 	0.4680 	1.8312 	1.0000
26 	0 	0 	0 	0 	0 	0 	0 	0 	2 	0 	0 	0 	0 	0 	0 	0 	1 	0 	0 	0 	1.0978 	0.5332 	1.6624 	1.0000
27 	0 	0 	0 	0 	0 	0 	0 	1 	0 	0 	0 	0 	0 	0 	0 	0 	2 	0 	0 	0 	1.1045 	0.5396 	1.6694 	1.0000
28 	0 	0 	0 	0 	3 	0 	0 	0 	0 	0 	0 	0 	0 	0 	0 	0 	0 	0 	0 	0 	1.3943 	0.7327 	2.0560 	1.0000
29 	0 	0 	0 	0 	0 	0 	0 	0 	0 	3 	0 	0 	0 	0 	0 	0 	0 	0 	0 	0 	1.1213 	0.4297 	1.8129 	1.0000
30 	0 	0 	0 	2 	0 	0 	0 	0 	0 	0 	0 	1 	0 	0 	0 	0 	0 	0 	0 	0 	1.1072 	0.5374 	1.6770 	1.0000
31 	0 	0 	0 	0 	0 	0 	0 	0 	1 	0 	0 	2 	0 	0 	0 	0 	0 	0 	0 	0 	1.1548 	0.5905 	1.7191 	1.0000
32 	0 	0 	0 	0 	3 	0 	0 	0 	0 	0 	0 	0 	0 	0 	0 	0 	0 	0 	0 	0 	1.3943 	0.7327 	2.0560 	1.0000
33 	0 	0 	0 	0 	0 	0 	0 	0 	0 	0 	0 	3 	0 	0 	0 	0 	0 	0 	0 	0 	1.3526 	0.6948 	2.0103 	1.0000
34 	0 	0 	0 	0 	0 	0 	0 	0 	0 	1 	0 	0 	0 	1 	0 	1 	0 	0 	0 	0 	0.9709 	0.4366 	1.5053 	1.0000
35 	0 	0 	0 	3 	0 	0 	0 	0 	0 	0 	0 	0 	0 	0 	0 	0 	0 	0 	0 	0 	1.2379 	0.5763 	1.8996 	1.0000
36 	3 	0 	0 	0 	0 	0 	0 	0 	0 	0 	0 	0 	0 	0 	0 	0 	0 	0 	0 	0 	1.1496 	0.4680 	1.8312 	1.0000
37 	0 	0 	0 	3 	0 	0 	0 	0 	0 	0 	0 	0 	0 	0 	0 	0 	0 	0 	0 	0 	1.2379 	0.5763 	1.8996 	1.0000
38 	0 	0 	3 	0 	0 	0 	0 	0 	0 	0 	0 	0 	0 	0 	0 	0 	0 	0 	0 	0 	1.2896 	0.6325 	1.9466 	1.0000
39 	0 	0 	0 	0 	0 	0 	0 	0 	0 	3 	0 	0 	0 	0 	0 	0 	0 	0 	0 	0 	1.1213 	0.4297 	1.8129 	1.0000
40 	1 	0 	0 	0 	0 	0 	0 	0 	0 	0 	0 	0 	0 	0 	0 	2 	0 	0 	0 	0 	1.0287 	0.4491 	1.6083 	1.0000
41 	0 	0 	0 	0 	0 	0 	1 	0 	0 	0 	0 	0 	0 	0 	0 	0 	0 	0 	0 	2 	1.3264 	0.7238 	1.9290 	1.0000
42 	0 	0 	0 	1 	0 	0 	0 	0 	0 	0 	0 	0 	0 	2 	0 	0 	0 	0 	0 	0 	1.1681 	0.5991 	1.7371 	1.0000
43 	0 	0 	0 	0 	0 	0 	0 	0 	0 	0 	0 	0 	0 	0 	0 	3 	0 	0 	0 	0 	1.2035 	0.5360 	1.8710 	1.0000
44 	1 	0 	0 	0 	0 	0 	0 	0 	0 	0 	0 	0 	0 	0 	0 	2 	0 	0 	0 	0 	1.0287 	0.4491 	1.6083 	1.0000
45 	0 	0 	0 	0 	0 	0 	0 	0 	0 	3 	0 	0 	0 	0 	0 	0 	0 	0 	0 	0 	1.1213 	0.4297 	1.8129 	1.0000
46 	3 	0 	0 	0 	0 	0 	0 	0 	0 	0 	0 	0 	0 	0 	0 	0 	0 	0 	0 	0 	1.1496 	0.4680 	1.8312 	1.0000
47 	0 	0 	0 	0 	0 	0 	0 	0 	0 	0 	0 	0 	0 	0 	0 	3 	0 	0 	0 	0 	1.2035 	0.5360 	1.8710 	1.0000
48 	0 	0 	0 	0 	0 	0 	0 	0 	0 	0 	0 	0 	0 	0 	0 	0 	0 	0 	3 	0 	1.7983 	0.9975 	2.5991 	1.0000
49 	0 	0 	0 	0 	0 	0 	0 	0 	0 	0 	0 	3 	0 	0 	0 	0 	0 	0 	0 	0 	1.3526 	0.6948 	2.0103 	1.0000
50 	0 	0 	0 	0 	0 	0 	0 	0 	0 	0 	0 	0 	0 	0 	0 	0 	0 	0 	0 	3 	1.4642 	0.7905 	2.1378 	1.0000
51 	0 	0 	0 	0 	0 	0 	0 	0 	0 	0 	0 	3 	0 	0 	0 	0 	0 	0 	0 	0 	1.3526 	0.6948 	2.0103 	1.0000
52 	0 	0 	0 	0 	0 	0 	0 	0 	0 	0 	0 	0 	0 	0 	0 	0 	3 	0 	0 	0 	1.2597 	0.6006 	1.9188 	1.0000
53 	0 	0 	0 	0 	0 	0 	0 	0 	0 	0 	0 	3 	0 	0 	0 	0 	0 	0 	0 	0 	1.3526 	0.6948 	2.0103 	1.0000
54 	0 	0 	0 	0 	0 	0 	0 	3 	0 	0 	0 	0 	0 	0 	0 	0 	0 	0 	0 	0 	1.2959 	0.6391 	1.9528 	1.0000
55 	0 	0 	0 	0 	0 	0 	0 	0 	0 	0 	0 	0 	0 	0 	0 	0 	3 	0 	0 	0 	1.2597 	0.6006 	1.9188 	1.0000
56 	0 	0 	2 	1 	0 	0 	0 	0 	0 	0 	0 	0 	0 	0 	0 	0 	0 	0 	0 	0 	1.1070 	0.5427 	1.6712 	1.0000
57 	0 	0 	0 	3 	0 	0 	0 	0 	0 	0 	0 	0 	0 	0 	0 	0 	0 	0 	0 	0 	1.2379 	0.5763 	1.8996 	1.0000
58 	0 	0 	0 	0 	0 	0 	0 	0 	0 	0 	0 	3 	0 	0 	0 	0 	0 	0 	0 	0 	1.3526 	0.6948 	2.0103 	1.0000
59 	2 	0 	0 	0 	0 	0 	0 	1 	0 	0 	0 	0 	0 	0 	0 	0 	0 	0 	0 	0 	1.0357 	0.4492 	1.6222 	1.0000
60 	0 	0 	0 	0 	0 	0 	0 	0 	0 	0 	0 	0 	0 	3 	0 	0 	0 	0 	0 	0 	1.3855 	0.7249 	2.0461 	1.0000
61 	0 	0 	0 	0 	0 	0 	0 	0 	3 	0 	0 	0 	0 	0 	0 	0 	0 	0 	0 	0 	1.2655 	0.6069 	1.9240 	1.0000
62 	0 	0 	0 	0 	0 	0 	0 	0 	0 	0 	3 	0 	0 	0 	0 	0 	0 	0 	0 	0 	1.5684 	0.8658 	2.2709 	1.0000
63 	0 	0 	0 	0 	0 	0 	0 	0 	0 	0 	0 	2 	0 	0 	0 	1 	0 	0 	0 	0 	1.1375 	0.5686 	1.7064 	1.0000
64 	0 	0 	1 	2 	0 	0 	0 	0 	0 	0 	0 	0 	0 	0 	0 	0 	0 	0 	0 	0 	1.0890 	0.5217 	1.6562 	1.0000
65 	3 	0 	0 	0 	0 	0 	0 	0 	0 	0 	0 	0 	0 	0 	0 	0 	0 	0 	0 	0 	1.1496 	0.4680 	1.8312 	1.0000
66 	1 	0 	1 	0 	0 	0 	0 	0 	0 	0 	0 	0 	0 	0 	1 	0 	0 	0 	0 	0 	0.9678 	0.4491 	1.4865 	1.0000
67 	2 	0 	0 	0 	0 	0 	0 	0 	0 	0 	0 	0 	0 	0 	0 	1 	0 	0 	0 	0 	1.0097 	0.4233 	1.5962 	1.0000
68 	0 	0 	0 	0 	0 	0 	0 	0 	3 	0 	0 	0 	0 	0 	0 	0 	0 	0 	0 	0 	1.2655 	0.6069 	1.9240 	1.0000
69 	0 	0 	0 	0 	0 	0 	0 	0 	0 	0 	0 	0 	0 	0 	0 	0 	0 	0 	3 	0 	1.7983 	0.9975 	2.5991 	1.0000
70 	0 	0 	0 	0 	0 	0 	0 	0 	0 	0 	0 	0 	0 	0 	0 	3 	0 	0 	0 	0 	1.2035 	0.5360 	1.8710 	1.0000
71 	3 	0 	0 	0 	0 	0 	0 	0 	0 	0 	0 	0 	0 	0 	0 	0 	0 	0 	0 	0 	1.1496 	0.4680 	1.8312 	1.0000
72 	0 	0 	0 	0 	3 	0 	0 	0 	0 	0 	0 	0 	0 	0 	0 	0 	0 	0 	0 	0 	1.3943 	0.7327 	2.0560 	1.0000
73 	0 	0 	0 	0 	0 	0 	0 	0 	0 	0 	0 	0 	0 	0 	0 	0 	0 	0 	0 	3 	1.4642 	0.7905 	2.1378 	1.0000
74 	0 	0 	0 	3 	0 	0 	0 	0 	0 	0 	0 	0 	0 	0 	0 	0 	0 	0 	0 	0 	1.2379 	0.5763 	1.8996 	1.0000
75 	0 	0 	0 	2 	0 	0 	0 	0 	1 	0 	0 	0 	0 	0 	0 	0 	0 	0 	0 	0 	1.0821 	0.5149 	1.6493 	1.0000
76 	0 	0 	0 	0 	0 	0 	0 	0 	0 	0 	0 	0 	0 	3 	0 	0 	0 	0 	0 	0 	1.3855 	0.7249 	2.0461 	1.0000
77 	0 	0 	0 	0 	0 	0 	0 	0 	0 	0 	0 	0 	0 	0 	0 	3 	0 	0 	0 	0 	1.2035 	0.5360 	1.8710 	1.0000
78 	0 	0 	0 	0 	0 	0 	0 	0 	2 	0 	0 	0 	0 	0 	1 	0 	0 	0 	0 	0 	1.0995 	0.5350 	1.6639 	1.0000
79 	0 	0 	0 	0 	0 	0 	0 	1 	0 	1 	0 	0 	0 	0 	0 	0 	1 	0 	0 	0 	0.9605 	0.4358 	1.4853 	1.0000
80 	3 	0 	0 	0 	0 	0 	0 	0 	0 	0 	0 	0 	0 	0 	0 	0 	0 	0 	0 	0 	1.1496 	0.4680 	1.8312 	1.0000
81 	0 	0 	0 	0 	0 	0 	0 	0 	1 	0 	0 	0 	0 	2 	0 	0 	0 	0 	0 	0 	1.1758 	0.6086 	1.7430 	1.0000
82 	0 	0 	0 	0 	0 	0 	0 	0 	0 	0 	0 	0 	0 	0 	0 	1 	2 	0 	0 	0 	1.0786 	0.5107 	1.6465 	1.0000
83 	0 	0 	0 	0 	1 	0 	0 	0 	0 	0 	0 	0 	0 	0 	0 	0 	0 	0 	0 	2 	1.2637 	0.6850 	1.8425 	1.0000
84 	0 	0 	0 	0 	0 	0 	0 	0 	0 	0 	0 	0 	2 	0 	0 	1 	0 	0 	0 	0 	1.1056 	0.5390 	1.6723 	1.0000
85 	0 	0 	0 	0 	0 	0 	0 	0 	0 	3 	0 	0 	0 	0 	0 	0 	0 	0 	0 	0 	1.1213 	0.4297 	1.8129 	1.0000
86 	0 	0 	1 	0 	0 	0 	0 	0 	0 	0 	0 	0 	0 	2 	0 	0 	0 	0 	0 	0 	1.1827 	0.6164 	1.7490 	1.0000
87 	0 	0 	0 	3 	0 	0 	0 	0 	0 	0 	0 	0 	0 	0 	0 	0 	0 	0 	0 	0 	1.2379 	0.5763 	1.8996 	1.0000
88 	0 	0 	0 	0 	0 	0 	0 	3 	0 	0 	0 	0 	0 	0 	0 	0 	0 	0 	0 	0 	1.2959 	0.6391 	1.9528 	1.0000
89 	0 	0 	0 	0 	0 	0 	0 	0 	0 	0 	0 	0 	0 	3 	0 	0 	0 	0 	0 	0 	1.3855 	0.7249 	2.0461 	1.0000
90 	0 	0 	0 	0 	0 	0 	0 	0 	0 	0 	0 	1 	0 	0 	0 	0 	2 	0 	0 	0 	1.1209 	0.5539 	1.6880 	1.0000
91 	0 	0 	0 	0 	0 	0 	0 	1 	0 	1 	0 	0 	1 	0 	0 	0 	0 	0 	0 	0 	0.9727 	0.4477 	1.4977 	1.0000
92 	0 	0 	0 	0 	0 	0 	0 	2 	0 	0 	0 	0 	0 	0 	0 	0 	1 	0 	0 	0 	1.1171 	0.5539 	1.6803 	1.0000
93 	0 	0 	0 	0 	0 	0 	0 	2 	0 	1 	0 	0 	0 	0 	0 	0 	0 	0 	0 	0 	1.0794 	0.5010 	1.6578 	1.0000
94 	0 	0 	0 	0 	0 	0 	0 	0 	3 	0 	0 	0 	0 	0 	0 	0 	0 	0 	0 	0 	1.2655 	0.6069 	1.9240 	1.0000
95 	0 	0 	0 	0 	0 	0 	0 	0 	0 	0 	0 	0 	0 	0 	3 	0 	0 	0 	0 	0 	1.2655 	0.6069 	1.9240 	1.0000
96 	0 	0 	0 	0 	0 	0 	0 	0 	0 	0 	0 	0 	0 	3 	0 	0 	0 	0 	0 	0 	1.3855 	0.7249 	2.0461 	1.0000
97 	0 	0 	0 	0 	0 	0 	0 	0 	0 	3 	0 	0 	0 	0 	0 	0 	0 	0 	0 	0 	1.1213 	0.4297 	1.8129 	1.0000
98 	0 	0 	0 	0 	0 	0 	0 	0 	0 	0 	0 	0 	0 	3 	0 	0 	0 	0 	0 	0 	1.3855 	0.7249 	2.0461 	1.0000
99 	2 	0 	0 	0 	0 	0 	0 	0 	0 	0 	0 	0 	0 	0 	0 	0 	0 	1 	0 	0 	1.0136 	0.4277 	1.5996 	1.0000
100 	0 	0 	0 	0 	0 	0 	0 	0 	0 	3 	0 	0 	0 	0 	0 	0 	0 	0 	0 	0 	1.1213 	0.4297 	1.8129 	1.0000
101 	0 	0 	0 	0 	0 	0 	0 	0 	0 	0 	0 	0 	0 	3 	0 	0 	0 	0 	0 	0 	1.3855 	0.7249 	2.0461 	1.0000
102 	0 	0 	0 	0 	0 	0 	0 	0 	0 	0 	0 	0 	0 	3 	0 	0 	0 	0 	0 	0 	1.3855 	0.7249 	2.0461 	1.0000
103 	0 	0 	0 	0 	0 	0 	0 	0 	0 	0 	0 	1 	0 	0 	0 	2 	0 	0 	0 	0 	1.0856 	0.5097 	1.6616 	1.0000
104 	0 	0 	0 	0 	0 	3 	0 	0 	0 	0 	0 	0 	0 	0 	0 	0 	0 	0 	0 	0 	1.1901 	0.5196 	1.8605 	1.0000
105 	0 	0 	0 	0 	0 	0 	0 	0 	0 	0 	0 	0 	0 	0 	0 	2 	1 	0 	0 	0 	1.0589 	0.4864 	1.6315 	1.0000
106 	0 	0 	0 	0 	0 	0 	0 	0 	0 	0 	0 	0 	0 	0 	0 	3 	0 	0 	0 	0 	1.2035 	0.5360 	1.8710 	1.0000
107 	1 	0 	0 	0 	0 	1 	0 	0 	0 	0 	0 	0 	0 	0 	0 	0 	0 	1 	0 	0 	0.9266 	0.4025 	1.4508 	1.0000
108 	0 	0 	0 	0 	0 	0 	0 	0 	0 	3 	0 	0 	0 	0 	0 	0 	0 	0 	0 	0 	1.1213 	0.4297 	1.8129 	1.0000
109 	0 	0 	0 	0 	0 	0 	0 	0 	0 	0 	0 	0 	0 	0 	0 	2 	1 	0 	0 	0 	1.0589 	0.4864 	1.6315 	1.0000
110 	3 	0 	0 	0 	0 	0 	0 	0 	0 	0 	0 	0 	0 	0 	0 	0 	0 	0 	0 	0 	1.1496 	0.4680 	1.8312 	1.0000
111 	0 	0 	3 	0 	0 	0 	0 	0 	0 	0 	0 	0 	0 	0 	0 	0 	0 	0 	0 	0 	1.2896 	0.6325 	1.9466 	1.0000
112 	0 	0 	0 	0 	0 	0 	0 	0 	3 	0 	0 	0 	0 	0 	0 	0 	0 	0 	0 	0 	1.2655 	0.6069 	1.9240 	1.0000
113 	0 	0 	0 	0 	0 	0 	0 	0 	0 	0 	0 	1 	0 	0 	0 	2 	0 	0 	0 	0 	1.0856 	0.5097 	1.6616 	1.0000
114 	0 	0 	0 	0 	0 	0 	0 	0 	3 	0 	0 	0 	0 	0 	0 	0 	0 	0 	0 	0 	1.2655 	0.6069 	1.9240 	1.0000
115 	0 	0 	0 	0 	0 	0 	0 	0 	0 	0 	0 	0 	0 	1 	2 	0 	0 	0 	0 	0 	1.1342 	0.5653 	1.7031 	1.0000
116 	0 	0 	0 	0 	0 	0 	0 	0 	0 	3 	0 	0 	0 	0 	0 	0 	0 	0 	0 	0 	1.1213 	0.4297 	1.8129 	1.0000
117 	0 	0 	0 	0 	0 	0 	0 	0 	0 	0 	0 	2 	0 	0 	0 	1 	0 	0 	0 	0 	1.1375 	0.5686 	1.7064 	1.0000
118 	0 	0 	0 	0 	0 	0 	0 	0 	0 	0 	0 	0 	0 	0 	0 	0 	3 	0 	0 	0 	1.2597 	0.6006 	1.9188 	1.0000
119 	0 	0 	0 	0 	0 	0 	0 	3 	0 	0 	0 	0 	0 	0 	0 	0 	0 	0 	0 	0 	1.2959 	0.6391 	1.9528 	1.0000
120 	0 	0 	0 	0 	0 	0 	0 	0 	0 	3 	0 	0 	0 	0 	0 	0 	0 	0 	0 	0 	1.1213 	0.4297 	1.8129 	1.0000
121 	0 	0 	0 	0 	0 	0 	0 	0 	0 	0 	0 	2 	0 	0 	0 	0 	1 	0 	0 	0 	1.1532 	0.5886 	1.7177 	1.0000
122 	0 	0 	0 	0 	0 	0 	0 	0 	0 	0 	0 	0 	0 	0 	0 	0 	3 	0 	0 	0 	1.2597 	0.6006 	1.9188 	1.0000
123 	0 	0 	0 	0 	0 	0 	0 	0 	0 	0 	3 	0 	0 	0 	0 	0 	0 	0 	0 	0 	1.5684 	0.8658 	2.2709 	1.0000
124 	0 	0 	0 	0 	0 	0 	0 	0 	0 	0 	0 	0 	0 	0 	0 	3 	0 	0 	0 	0 	1.2035 	0.5360 	1.8710 	1.0000
125 	0 	0 	0 	0 	0 	0 	0 	0 	0 	0 	0 	0 	0 	0 	0 	0 	3 	0 	0 	0 	1.2597 	0.6006 	1.9188 	1.0000
126 	0 	0 	0 	0 	0 	0 	0 	3 	0 	0 	0 	0 	0 	0 	0 	0 	0 	0 	0 	0 	1.2959 	0.6391 	1.9528 	1.0000
127 	0 	0 	0 	0 	0 	0 	0 	0 	0 	0 	0 	0 	0 	0 	0 	0 	0 	0 	0 	3 	1.4642 	0.7905 	2.1378 	1.0000
128 	0 	0 	0 	0 	0 	0 	0 	0 	0 	0 	0 	0 	0 	0 	0 	3 	0 	0 	0 	0 	1.2035 	0.5360 	1.8710 	1.0000
129 	0 	0 	0 	0 	0 	0 	0 	0 	0 	0 	0 	0 	0 	0 	0 	1 	2 	0 	0 	0 	1.0786 	0.5107 	1.6465 	1.0000
130 	0 	0 	0 	0 	0 	3 	0 	0 	0 	0 	0 	0 	0 	0 	0 	0 	0 	0 	0 	0 	1.1901 	0.5196 	1.8605 	1.0000
131 	0 	0 	0 	0 	0 	0 	0 	0 	3 	0 	0 	0 	0 	0 	0 	0 	0 	0 	0 	0 	1.2655 	0.6069 	1.9240 	1.0000
132 	0 	0 	0 	0 	0 	0 	0 	0 	0 	0 	0 	0 	0 	0 	0 	0 	0 	3 	0 	0 	1.2177 	0.5530 	1.8825 	1.0000
133 	0 	2 	0 	0 	0 	0 	0 	0 	0 	1 	0 	0 	0 	0 	0 	0 	0 	0 	0 	0 	1.3382 	0.6567 	2.0197 	1.0000
134 	0 	0 	1 	0 	0 	0 	0 	0 	0 	0 	0 	2 	0 	0 	0 	0 	0 	0 	0 	0 	1.1616 	0.5981 	1.7252 	1.0000
135 	0 	0 	0 	0 	0 	0 	0 	0 	0 	0 	0 	0 	3 	0 	0 	0 	0 	0 	0 	0 	1.3025 	0.6458 	1.9591 	1.0000
136 	0 	0 	0 	0 	0 	0 	0 	0 	1 	0 	0 	2 	0 	0 	0 	0 	0 	0 	0 	0 	1.1548 	0.5905 	1.7191 	1.0000
137 	0 	0 	0 	0 	0 	0 	0 	0 	0 	0 	0 	3 	0 	0 	0 	0 	0 	0 	0 	0 	1.3526 	0.6948 	2.0103 	1.0000
138 	0 	0 	0 	0 	0 	0 	0 	0 	0 	0 	0 	0 	3 	0 	0 	0 	0 	0 	0 	0 	1.3025 	0.6458 	1.9591 	1.0000
139 	0 	0 	0 	0 	0 	0 	0 	0 	0 	0 	0 	0 	0 	3 	0 	0 	0 	0 	0 	0 	1.3855 	0.7249 	2.0461 	1.0000
140 	0 	0 	0 	3 	0 	0 	0 	0 	0 	0 	0 	0 	0 	0 	0 	0 	0 	0 	0 	0 	1.2379 	0.5763 	1.8996 	1.0000
141 	0 	3 	0 	0 	0 	0 	0 	0 	0 	0 	0 	0 	0 	0 	0 	0 	0 	0 	0 	0 	1.6966 	0.9441 	2.4491 	1.0000
142 	0 	0 	0 	0 	0 	0 	0 	0 	0 	3 	0 	0 	0 	0 	0 	0 	0 	0 	0 	0 	1.1213 	0.4297 	1.8129 	1.0000
143 	0 	0 	0 	0 	0 	0 	0 	0 	0 	1 	0 	0 	0 	0 	0 	0 	1 	1 	0 	0 	0.9385 	0.4125 	1.4645 	1.0000
144 	0 	0 	0 	0 	0 	0 	0 	0 	0 	3 	0 	0 	0 	0 	0 	0 	0 	0 	0 	0 	1.1213 	0.4297 	1.8129 	1.0000
145 	0 	0 	0 	2 	0 	0 	0 	0 	0 	0 	0 	0 	0 	0 	0 	1 	0 	0 	0 	0 	1.0649 	0.4951 	1.6346 	1.0000
146 	0 	0 	0 	0 	0 	0 	0 	0 	0 	0 	0 	0 	0 	0 	0 	0 	0 	1 	0 	0 	1.0532 	0.4490 	1.6574 	0.3333
147 	0 	0 	0 	0 	0 	0 	0 	0 	0 	0 	0 	0 	2 	0 	0 	0 	1 	0 	0 	0 	1.1213 	0.5582 	1.6843 	1.0000
148 	0 	0 	0 	0 	0 	3 	0 	0 	0 	0 	0 	0 	0 	0 	0 	0 	0 	0 	0 	0 	1.1901 	0.5196 	1.8605 	1.0000
149 	0 	0 	0 	0 	0 	0 	0 	0 	0 	3 	0 	0 	0 	0 	0 	0 	0 	0 	0 	0 	1.1213 	0.4297 	1.8129 	1.0000
150 	0 	0 	2 	1 	0 	0 	0 	0 	0 	0 	0 	0 	0 	0 	0 	0 	0 	0 	0 	0 	1.1070 	0.5427 	1.6712 	1.0000
151 	0 	0 	1 	2 	0 	0 	0 	0 	0 	0 	0 	0 	0 	0 	0 	0 	0 	0 	0 	0 	1.0890 	0.5217 	1.6562 	1.0000
152 	0 	0 	0 	0 	0 	0 	0 	3 	0 	0 	0 	0 	0 	0 	0 	0 	0 	0 	0 	0 	1.2959 	0.6391 	1.9528 	1.0000
153 	0 	0 	0 	0 	0 	0 	0 	0 	0 	0 	3 	0 	0 	0 	0 	0 	0 	0 	0 	0 	1.5684 	0.8658 	2.2709 	1.0000
154 	1 	0 	0 	2 	0 	0 	0 	0 	0 	0 	0 	0 	0 	0 	0 	0 	0 	0 	0 	0 	1.0503 	0.4747 	1.6258 	1.0000
155 	0 	0 	0 	0 	0 	0 	0 	0 	1 	0 	0 	1 	0 	0 	0 	0 	1 	0 	0 	0 	1.0163 	0.5079 	1.5246 	1.0000
156 	0 	0 	0 	0 	0 	0 	0 	0 	0 	0 	0 	0 	0 	0 	0 	3 	0 	0 	0 	0 	1.2035 	0.5360 	1.8710 	1.0000
157 	0 	0 	0 	0 	0 	0 	0 	0 	2 	0 	0 	0 	0 	0 	0 	0 	1 	0 	0 	0 	1.0978 	0.5332 	1.6624 	1.0000
158 	0 	0 	3 	0 	0 	0 	0 	0 	0 	0 	0 	0 	0 	0 	0 	0 	0 	0 	0 	0 	1.2896 	0.6325 	1.9466 	1.0000
159 	0 	0 	0 	0 	0 	0 	0 	0 	0 	0 	0 	0 	0 	0 	0 	0 	0 	0 	0 	3 	1.4642 	0.7905 	2.1378 	1.0000
160 	0 	0 	0 	0 	0 	0 	0 	0 	0 	0 	0 	2 	0 	0 	0 	1 	0 	0 	0 	0 	1.1375 	0.5686 	1.7064 	1.0000
161 	0 	0 	0 	0 	0 	0 	0 	0 	0 	0 	0 	0 	0 	1 	1 	1 	0 	0 	0 	0 	1.0103 	0.4944 	1.5262 	1.0000
162 	0 	0 	0 	0 	0 	0 	0 	0 	0 	0 	0 	0 	0 	0 	3 	0 	0 	0 	0 	0 	1.2655 	0.6069 	1.9240 	1.0000
163 	0 	0 	0 	0 	0 	0 	0 	0 	0 	3 	0 	0 	0 	0 	0 	0 	0 	0 	0 	0 	1.1213 	0.4297 	1.8129 	1.0000
164 	0 	0 	0 	0 	0 	0 	0 	0 	0 	0 	0 	0 	0 	0 	0 	0 	0 	0 	3 	0 	1.7983 	0.9975 	2.5991 	1.0000
165 	2 	0 	0 	0 	0 	0 	0 	0 	0 	0 	0 	0 	0 	0 	0 	0 	0 	1 	0 	0 	1.0136 	0.4277 	1.5996 	1.0000
166 	0 	0 	0 	0 	0 	0 	0 	0 	0 	0 	0 	0 	0 	0 	0 	0 	0 	0 	3 	0 	1.7983 	0.9975 	2.5991 	1.0000
167 	0 	0 	0 	3 	0 	0 	0 	0 	0 	0 	0 	0 	0 	0 	0 	0 	0 	0 	0 	0 	1.2379 	0.5763 	1.8996 	1.0000
168 	0 	0 	0 	0 	0 	2 	0 	0 	0 	0 	0 	0 	0 	0 	0 	1 	0 	0 	0 	0 	1.0349 	0.4580 	1.6118 	1.0000
169 	0 	0 	0 	0 	0 	0 	0 	0 	0 	0 	0 	0 	0 	0 	0 	0 	0 	0 	3 	0 	1.7983 	0.9975 	2.5991 	1.0000
170 	0 	0 	0 	0 	0 	0 	0 	0 	0 	0 	0 	0 	0 	0 	3 	0 	0 	0 	0 	0 	1.2655 	0.6069 	1.9240 	1.0000
171 	2 	0 	0 	0 	0 	0 	0 	0 	0 	0 	0 	0 	0 	0 	0 	1 	0 	0 	0 	0 	1.0097 	0.4233 	1.5962 	1.0000
172 	0 	0 	0 	3 	0 	0 	0 	0 	0 	0 	0 	0 	0 	0 	0 	0 	0 	0 	0 	0 	1.2379 	0.5763 	1.8996 	1.0000
173 	0 	0 	0 	0 	0 	0 	0 	0 	0 	0 	0 	0 	0 	0 	0 	0 	0 	3 	0 	0 	1.2177 	0.5530 	1.8825 	1.0000
174 	0 	0 	0 	0 	0 	3 	0 	0 	0 	0 	0 	0 	0 	0 	0 	0 	0 	0 	0 	0 	1.1901 	0.5196 	1.8605 	1.0000
175 	0 	0 	0 	0 	0 	0 	0 	0 	3 	0 	0 	0 	0 	0 	0 	0 	0 	0 	0 	0 	1.2655 	0.6069 	1.9240 	1.0000
176 	0 	0 	0 	0 	0 	0 	0 	0 	0 	0 	0 	0 	0 	3 	0 	0 	0 	0 	0 	0 	1.3855 	0.7249 	2.0461 	1.0000
177 	0 	0 	0 	0 	0 	0 	0 	0 	0 	3 	0 	0 	0 	0 	0 	0 	0 	0 	0 	0 	1.1213 	0.4297 	1.8129 	1.0000
178 	0 	0 	0 	0 	0 	0 	0 	0 	0 	0 	0 	0 	0 	0 	3 	0 	0 	0 	0 	0 	1.2655 	0.6069 	1.9240 	1.0000
179 	0 	0 	0 	0 	0 	0 	0 	0 	0 	0 	0 	0 	3 	0 	0 	0 	0 	0 	0 	0 	1.3025 	0.6458 	1.9591 	1.0000
180 	0 	0 	0 	0 	0 	0 	0 	0 	0 	3 	0 	0 	0 	0 	0 	0 	0 	0 	0 	0 	1.1213 	0.4297 	1.8129 	1.0000
181 	0 	0 	0 	0 	0 	0 	0 	0 	0 	0 	0 	0 	0 	0 	0 	0 	0 	0 	0 	3 	1.4642 	0.7905 	2.1378 	1.0000
182 	0 	0 	0 	3 	0 	0 	0 	0 	0 	0 	0 	0 	0 	0 	0 	0 	0 	0 	0 	0 	1.2379 	0.5763 	1.8996 	1.0000
183 	0 	0 	0 	3 	0 	0 	0 	0 	0 	0 	0 	0 	0 	0 	0 	0 	0 	0 	0 	0 	1.2379 	0.5763 	1.8996 	1.0000
184 	0 	0 	0 	0 	0 	0 	0 	0 	0 	0 	0 	0 	0 	0 	0 	0 	0 	0 	0 	3 	1.4642 	0.7905 	2.1378 	1.0000
185 	0 	0 	0 	0 	0 	0 	0 	0 	0 	0 	0 	0 	0 	0 	0 	0 	0 	3 	0 	0 	1.2177 	0.5530 	1.8825 	1.0000
186 	0 	0 	0 	0 	0 	0 	0 	0 	0 	0 	0 	0 	0 	0 	0 	0 	0 	3 	0 	0 	1.2177 	0.5530 	1.8825 	1.0000
187 	0 	0 	0 	0 	0 	0 	0 	0 	0 	3 	0 	0 	0 	0 	0 	0 	0 	0 	0 	0 	1.1213 	0.4297 	1.8129 	1.0000
188 	0 	0 	0 	1 	0 	0 	0 	0 	2 	0 	0 	0 	0 	0 	0 	0 	0 	0 	0 	0 	1.0917 	0.5264 	1.6571 	1.0000
189 	0 	0 	0 	0 	0 	0 	0 	0 	0 	0 	0 	3 	0 	0 	0 	0 	0 	0 	0 	0 	1.3526 	0.6948 	2.0103 	1.0000
190 	0 	0 	0 	3 	0 	0 	0 	0 	0 	0 	0 	0 	0 	0 	0 	0 	0 	0 	0 	0 	1.2379 	0.5763 	1.8996 	1.0000
191 	0 	0 	0 	0 	0 	0 	0 	0 	0 	0 	3 	0 	0 	0 	0 	0 	0 	0 	0 	0 	1.5684 	0.8658 	2.2709 	1.0000
192 	3 	0 	0 	0 	0 	0 	0 	0 	0 	0 	0 	0 	0 	0 	0 	0 	0 	0 	0 	0 	1.1496 	0.4680 	1.8312 	1.0000
193 	0 	0 	0 	0 	0 	0 	0 	0 	0 	0 	0 	0 	0 	0 	3 	0 	0 	0 	0 	0 	1.2655 	0.6069 	1.9240 	1.0000
194 	2 	0 	0 	0 	0 	1 	0 	0 	0 	0 	0 	0 	0 	0 	0 	0 	0 	0 	0 	0 	1.0060 	0.4188 	1.5932 	1.0000
195 	0 	0 	0 	0 	0 	0 	0 	0 	0 	0 	0 	3 	0 	0 	0 	0 	0 	0 	0 	0 	1.3526 	0.6948 	2.0103 	1.0000
196 	0 	0 	0 	0 	0 	0 	0 	0 	0 	0 	0 	3 	0 	0 	0 	0 	0 	0 	0 	0 	1.3526 	0.6948 	2.0103 	1.0000
197 	0 	0 	0 	0 	0 	0 	0 	0 	0 	0 	0 	0 	0 	0 	0 	0 	0 	0 	0 	3 	1.4642 	0.7905 	2.1378 	1.0000
198 	0 	0 	0 	2 	0 	0 	0 	0 	0 	0 	0 	1 	0 	0 	0 	0 	0 	0 	0 	0 	1.1072 	0.5374 	1.6770 	1.0000
199 	0 	0 	3 	0 	0 	0 	0 	0 	0 	0 	0 	0 	0 	0 	0 	0 	0 	0 	0 	0 	1.2896 	0.6325 	1.9466 	1.0000
200 	0 	0 	0 	0 	0 	0 	0 	0 	0 	0 	0 	0 	0 	0 	0 	0 	0 	0 	0 	3 	1.4642 	0.7905 	2.1378 	1.0000
201 	0 	0 	0 	0 	0 	3 	0 	0 	0 	0 	0 	0 	0 	0 	0 	0 	0 	0 	0 	0 	1.1901 	0.5196 	1.8605 	1.0000
202 	0 	0 	3 	0 	0 	0 	0 	0 	0 	0 	0 	0 	0 	0 	0 	0 	0 	0 	0 	0 	1.2896 	0.6325 	1.9466 	1.0000
203 	0 	0 	0 	0 	0 	0 	0 	0 	0 	0 	0 	0 	0 	0 	0 	0 	0 	0 	0 	3 	1.4642 	0.7905 	2.1378 	1.0000
204 	0 	0 	0 	0 	0 	0 	0 	0 	0 	0 	0 	0 	0 	0 	0 	0 	0 	0 	3 	0 	1.7983 	0.9975 	2.5991 	1.0000
205 	0 	0 	0 	0 	0 	0 	0 	0 	0 	0 	0 	0 	0 	0 	3 	0 	0 	0 	0 	0 	1.2655 	0.6069 	1.9240 	1.0000
206 	0 	0 	0 	0 	0 	3 	0 	0 	0 	0 	0 	0 	0 	0 	0 	0 	0 	0 	0 	0 	1.1901 	0.5196 	1.8605 	1.0000
207 	0 	0 	3 	0 	0 	0 	0 	0 	0 	0 	0 	0 	0 	0 	0 	0 	0 	0 	0 	0 	1.2896 	0.6325 	1.9466 	1.0000
208 	0 	0 	0 	0 	0 	0 	0 	0 	0 	0 	0 	0 	0 	0 	0 	0 	0 	0 	0 	3 	1.4642 	0.7905 	2.1378 	1.0000
209 	0 	0 	0 	3 	0 	0 	0 	0 	0 	0 	0 	0 	0 	0 	0 	0 	0 	0 	0 	0 	1.2379 	0.5763 	1.8996 	1.0000
210 	1 	0 	0 	0 	0 	0 	0 	0 	0 	0 	0 	0 	0 	0 	0 	0 	1 	1 	0 	0 	0.9460 	0.4254 	1.4666 	1.0000
211 	0 	0 	0 	2 	0 	0 	0 	0 	0 	0 	0 	0 	0 	0 	0 	0 	1 	0 	0 	0 	1.0805 	0.5132 	1.6478 	1.0000
212 	0 	0 	0 	0 	0 	3 	0 	0 	0 	0 	0 	0 	0 	0 	0 	0 	0 	0 	0 	0 	1.1901 	0.5196 	1.8605 	1.0000
213 	1 	0 	0 	1 	0 	0 	0 	0 	0 	0 	0 	0 	0 	0 	0 	0 	1 	0 	0 	0 	0.9516 	0.4321 	1.4711 	1.0000
214 	0 	0 	1 	0 	0 	1 	0 	0 	0 	0 	0 	1 	0 	0 	0 	0 	0 	0 	0 	0 	1.0038 	0.4893 	1.5182 	1.0000
215 	0 	0 	1 	0 	0 	2 	0 	0 	0 	0 	0 	0 	0 	0 	0 	0 	0 	0 	0 	0 	1.0590 	0.4834 	1.6346 	1.0000
216 	0 	0 	0 	0 	0 	0 	0 	0 	0 	0 	0 	0 	0 	0 	0 	0 	0 	0 	0 	3 	1.4642 	0.7905 	2.1378 	1.0000
217 	0 	0 	1 	0 	0 	0 	0 	0 	0 	0 	0 	2 	0 	0 	0 	0 	0 	0 	0 	0 	1.1616 	0.5981 	1.7252 	1.0000
218 	0 	0 	0 	0 	0 	0 	0 	0 	0 	0 	0 	0 	0 	0 	0 	0 	0 	0 	0 	3 	1.4642 	0.7905 	2.1378 	1.0000
219 	0 	0 	0 	0 	0 	0 	0 	0 	0 	0 	0 	1 	0 	0 	0 	2 	0 	0 	0 	0 	1.0856 	0.5097 	1.6616 	1.0000
220 	0 	0 	0 	0 	0 	0 	0 	0 	0 	0 	0 	0 	0 	0 	3 	0 	0 	0 	0 	0 	1.2655 	0.6069 	1.9240 	1.0000
221 	0 	0 	0 	0 	0 	0 	0 	0 	0 	0 	0 	2 	0 	0 	0 	1 	0 	0 	0 	0 	1.1375 	0.5686 	1.7064 	1.0000
222 	0 	0 	0 	0 	0 	0 	0 	0 	0 	0 	0 	0 	0 	3 	0 	0 	0 	0 	0 	0 	1.3855 	0.7249 	2.0461 	1.0000
223 	0 	0 	0 	0 	0 	0 	0 	0 	0 	3 	0 	0 	0 	0 	0 	0 	0 	0 	0 	0 	1.1213 	0.4297 	1.8129 	1.0000
224 	0 	0 	0 	0 	0 	0 	0 	1 	0 	0 	1 	0 	0 	0 	0 	0 	1 	0 	0 	0 	1.0900 	0.5515 	1.6285 	1.0000
225 	0 	0 	0 	3 	0 	0 	0 	0 	0 	0 	0 	0 	0 	0 	0 	0 	0 	0 	0 	0 	1.2379 	0.5763 	1.8996 	1.0000
226 	0 	0 	3 	0 	0 	0 	0 	0 	0 	0 	0 	0 	0 	0 	0 	0 	0 	0 	0 	0 	1.2896 	0.6325 	1.9466 	1.0000
227 	0 	0 	0 	0 	0 	0 	0 	0 	0 	0 	0 	0 	0 	0 	0 	0 	0 	3 	0 	0 	1.2177 	0.5530 	1.8825 	1.0000
228 	0 	0 	1 	2 	0 	0 	0 	0 	0 	0 	0 	0 	0 	0 	0 	0 	0 	0 	0 	0 	1.0890 	0.5217 	1.6562 	1.0000
229 	0 	0 	0 	0 	0 	0 	0 	0 	0 	0 	0 	0 	0 	0 	3 	0 	0 	0 	0 	0 	1.2655 	0.6069 	1.9240 	1.0000
230 	0 	0 	0 	0 	0 	0 	0 	1 	0 	0 	0 	0 	0 	0 	0 	0 	2 	0 	0 	0 	1.1045 	0.5396 	1.6694 	1.0000
231 	0 	0 	0 	0 	3 	0 	0 	0 	0 	0 	0 	0 	0 	0 	0 	0 	0 	0 	0 	0 	1.3943 	0.7327 	2.0560 	1.0000
232 	2 	0 	0 	0 	0 	0 	0 	0 	0 	1 	0 	0 	0 	0 	0 	0 	0 	0 	0 	0 	0.9876 	0.3935 	1.5818 	1.0000
233 	0 	0 	0 	3 	0 	0 	0 	0 	0 	0 	0 	0 	0 	0 	0 	0 	0 	0 	0 	0 	1.2379 	0.5763 	1.8996 	1.0000
234 	0 	0 	0 	0 	0 	0 	0 	3 	0 	0 	0 	0 	0 	0 	0 	0 	0 	0 	0 	0 	1.2959 	0.6391 	1.9528 	1.0000
235 	0 	0 	0 	0 	0 	0 	0 	0 	3 	0 	0 	0 	0 	0 	0 	0 	0 	0 	0 	0 	1.2655 	0.6069 	1.9240 	1.0000
236 	0 	0 	0 	0 	0 	0 	0 	0 	0 	0 	0 	0 	3 	0 	0 	0 	0 	0 	0 	0 	1.3025 	0.6458 	1.9591 	1.0000
237 	0 	0 	0 	0 	0 	0 	0 	0 	0 	3 	0 	0 	0 	0 	0 	0 	0 	0 	0 	0 	1.1213 	0.4297 	1.8129 	1.0000
238 	0 	0 	0 	0 	0 	0 	0 	0 	0 	0 	0 	0 	0 	0 	0 	0 	0 	0 	0 	3 	1.4642 	0.7905 	2.1378 	1.0000
239 	0 	0 	0 	3 	0 	0 	0 	0 	0 	0 	0 	0 	0 	0 	0 	0 	0 	0 	0 	0 	1.2379 	0.5763 	1.8996 	1.0000
240 	0 	0 	0 	0 	0 	0 	3 	0 	0 	0 	0 	0 	0 	0 	0 	0 	0 	0 	0 	0 	1.6004 	0.8867 	2.3141 	1.0000
241 	0 	0 	0 	0 	0 	0 	0 	0 	0 	3 	0 	0 	0 	0 	0 	0 	0 	0 	0 	0 	1.1213 	0.4297 	1.8129 	1.0000
242 	0 	0 	0 	0 	0 	0 	3 	0 	0 	0 	0 	0 	0 	0 	0 	0 	0 	0 	0 	0 	1.6004 	0.8867 	2.3141 	1.0000
243 	3 	0 	0 	0 	0 	0 	0 	0 	0 	0 	0 	0 	0 	0 	0 	0 	0 	0 	0 	0 	1.1496 	0.4680 	1.8312 	1.0000
244 	0 	0 	0 	0 	0 	0 	0 	0 	0 	0 	0 	0 	0 	0 	0 	0 	0 	0 	0 	3 	1.4642 	0.7905 	2.1378 	1.0000
245 	0 	0 	0 	0 	0 	0 	0 	0 	0 	0 	0 	0 	0 	0 	0 	0 	0 	3 	0 	0 	1.2177 	0.5530 	1.8825 	1.0000
246 	0 	0 	0 	0 	0 	0 	0 	0 	0 	0 	0 	0 	0 	0 	3 	0 	0 	0 	0 	0 	1.2655 	0.6069 	1.9240 	1.0000
247 	2 	0 	0 	0 	0 	0 	0 	0 	0 	0 	0 	0 	0 	0 	1 	0 	0 	0 	0 	0 	1.0270 	0.4414 	1.6126 	1.0000
248 	0 	0 	0 	0 	0 	0 	0 	0 	3 	0 	0 	0 	0 	0 	0 	0 	0 	0 	0 	0 	1.2655 	0.6069 	1.9240 	1.0000
249 	0 	0 	0 	0 	0 	0 	0 	0 	0 	3 	0 	0 	0 	0 	0 	0 	0 	0 	0 	0 	1.1213 	0.4297 	1.8129 	1.0000
250 	0 	0 	0 	0 	0 	0 	0 	0 	0 	0 	3 	0 	0 	0 	0 	0 	0 	0 	0 	0 	1.5684 	0.8658 	2.2709 	1.0000
251 	0 	0 	3 	0 	0 	0 	0 	0 	0 	0 	0 	0 	0 	0 	0 	0 	0 	0 	0 	0 	1.2896 	0.6325 	1.9466 	1.0000
252 	1 	0 	0 	0 	0 	0 	0 	0 	0 	0 	0 	0 	0 	0 	0 	0 	2 	0 	0 	0 	1.0640 	0.4899 	1.6380 	1.0000
253 	0 	0 	0 	0 	0 	0 	0 	0 	0 	0 	0 	0 	0 	0 	0 	0 	0 	0 	0 	3 	1.4642 	0.7905 	2.1378 	1.0000
254 	0 	0 	0 	0 	0 	0 	0 	0 	0 	0 	0 	0 	3 	0 	0 	0 	0 	0 	0 	0 	1.3025 	0.6458 	1.9591 	1.0000
255 	0 	0 	0 	0 	0 	0 	0 	0 	0 	0 	0 	0 	0 	0 	0 	3 	0 	0 	0 	0 	1.2035 	0.5360 	1.8710 	1.0000
256 	0 	0 	0 	0 	0 	0 	0 	0 	0 	0 	0 	0 	0 	0 	2 	0 	0 	0 	0 	1 	1.1577 	0.5797 	1.7357 	1.0000
257 	0 	0 	0 	0 	0 	0 	0 	3 	0 	0 	0 	0 	0 	0 	0 	0 	0 	0 	0 	0 	1.2959 	0.6391 	1.9528 	1.0000
258 	0 	0 	0 	0 	0 	0 	0 	0 	0 	0 	0 	0 	0 	0 	0 	3 	0 	0 	0 	0 	1.2035 	0.5360 	1.8710 	1.0000
259 	0 	0 	0 	0 	0 	0 	0 	0 	0 	0 	0 	0 	3 	0 	0 	0 	0 	0 	0 	0 	1.3025 	0.6458 	1.9591 	1.0000
260 	0 	0 	0 	0 	0 	0 	0 	0 	0 	0 	0 	0 	0 	0 	0 	0 	3 	0 	0 	0 	1.2597 	0.6006 	1.9188 	1.0000
261 	0 	0 	0 	0 	0 	3 	0 	0 	0 	0 	0 	0 	0 	0 	0 	0 	0 	0 	0 	0 	1.1901 	0.5196 	1.8605 	1.0000
262 	0 	3 	0 	0 	0 	0 	0 	0 	0 	0 	0 	0 	0 	0 	0 	0 	0 	0 	0 	0 	1.6966 	0.9441 	2.4491 	1.0000
263 	0 	0 	0 	0 	0 	0 	0 	0 	0 	3 	0 	0 	0 	0 	0 	0 	0 	0 	0 	0 	1.1213 	0.4297 	1.8129 	1.0000
264 	0 	0 	0 	0 	0 	0 	0 	0 	0 	0 	0 	0 	3 	0 	0 	0 	0 	0 	0 	0 	1.3025 	0.6458 	1.9591 	1.0000
265 	3 	0 	0 	0 	0 	0 	0 	0 	0 	0 	0 	0 	0 	0 	0 	0 	0 	0 	0 	0 	1.1496 	0.4680 	1.8312 	1.0000
266 	0 	0 	0 	0 	0 	0 	3 	0 	0 	0 	0 	0 	0 	0 	0 	0 	0 	0 	0 	0 	1.6004 	0.8867 	2.3141 	1.0000
267 	0 	0 	0 	0 	0 	0 	0 	0 	0 	3 	0 	0 	0 	0 	0 	0 	0 	0 	0 	0 	1.1213 	0.4297 	1.8129 	1.0000
268 	0 	0 	0 	0 	0 	0 	0 	0 	0 	3 	0 	0 	0 	0 	0 	0 	0 	0 	0 	0 	1.1213 	0.4297 	1.8129 	1.0000
269 	0 	0 	0 	0 	0 	3 	0 	0 	0 	0 	0 	0 	0 	0 	0 	0 	0 	0 	0 	0 	1.1901 	0.5196 	1.8605 	1.0000
270 	0 	0 	3 	0 	0 	0 	0 	0 	0 	0 	0 	0 	0 	0 	0 	0 	0 	0 	0 	0 	1.2896 	0.6325 	1.9466 	1.0000
271 	0 	0 	0 	0 	0 	0 	0 	0 	0 	0 	3 	0 	0 	0 	0 	0 	0 	0 	0 	0 	1.5684 	0.8658 	2.2709 	1.0000
272 	0 	0 	0 	0 	0 	0 	0 	0 	0 	0 	0 	0 	0 	0 	0 	0 	0 	0 	3 	0 	1.7983 	0.9975 	2.5991 	1.0000
273 	0 	0 	0 	0 	0 	3 	0 	0 	0 	0 	0 	0 	0 	0 	0 	0 	0 	0 	0 	0 	1.1901 	0.5196 	1.8605 	1.0000
274 	0 	0 	0 	0 	0 	0 	0 	0 	0 	0 	0 	0 	0 	0 	3 	0 	0 	0 	0 	0 	1.2655 	0.6069 	1.9240 	1.0000
275 	0 	0 	0 	0 	3 	0 	0 	0 	0 	0 	0 	0 	0 	0 	0 	0 	0 	0 	0 	0 	1.3943 	0.7327 	2.0560 	1.0000
276 	0 	0 	0 	0 	0 	0 	0 	0 	0 	0 	0 	0 	0 	0 	0 	0 	0 	0 	3 	0 	1.7983 	0.9975 	2.5991 	1.0000
277 	0 	0 	0 	0 	0 	0 	0 	0 	0 	0 	0 	0 	0 	0 	0 	0 	3 	0 	0 	0 	1.2597 	0.6006 	1.9188 	1.0000
278 	0 	0 	0 	0 	0 	0 	0 	0 	0 	0 	0 	3 	0 	0 	0 	0 	0 	0 	0 	0 	1.3526 	0.6948 	2.0103 	1.0000
279 	0 	0 	0 	0 	0 	0 	0 	0 	0 	3 	0 	0 	0 	0 	0 	0 	0 	0 	0 	0 	1.1213 	0.4297 	1.8129 	1.0000
280 	0 	0 	0 	0 	0 	0 	0 	0 	0 	0 	0 	0 	0 	0 	0 	0 	0 	0 	0 	3 	1.4642 	0.7905 	2.1378 	1.0000
281 	0 	0 	0 	0 	0 	0 	0 	0 	0 	0 	0 	1 	2 	0 	0 	0 	0 	0 	0 	0 	1.1479 	0.5839 	1.7120 	1.0000
282 	0 	0 	0 	0 	0 	0 	0 	0 	0 	3 	0 	0 	0 	0 	0 	0 	0 	0 	0 	0 	1.1213 	0.4297 	1.8129 	1.0000
283 	0 	0 	0 	0 	0 	0 	0 	0 	0 	0 	0 	0 	0 	0 	0 	0 	3 	0 	0 	0 	1.2597 	0.6006 	1.9188 	1.0000
284 	0 	0 	0 	0 	0 	0 	0 	0 	0 	0 	0 	0 	0 	0 	0 	0 	0 	3 	0 	0 	1.2177 	0.5530 	1.8825 	1.0000
285 	0 	0 	0 	0 	0 	0 	0 	0 	0 	0 	0 	0 	3 	0 	0 	0 	0 	0 	0 	0 	1.3025 	0.6458 	1.9591 	1.0000
286 	0 	0 	0 	0 	3 	0 	0 	0 	0 	0 	0 	0 	0 	0 	0 	0 	0 	0 	0 	0 	1.3943 	0.7327 	2.0560 	1.0000
287 	1 	0 	0 	1 	0 	1 	0 	0 	0 	0 	0 	0 	0 	0 	0 	0 	0 	0 	0 	0 	0.9323 	0.4090 	1.4555 	1.0000
288 	0 	0 	0 	1 	0 	0 	0 	0 	0 	0 	0 	0 	0 	2 	0 	0 	0 	0 	0 	0 	1.1681 	0.5991 	1.7371 	1.0000
289 	0 	0 	0 	0 	0 	0 	0 	0 	3 	0 	0 	0 	0 	0 	0 	0 	0 	0 	0 	0 	1.2655 	0.6069 	1.9240 	1.0000
290 	0 	0 	0 	0 	0 	0 	0 	0 	0 	0 	0 	0 	3 	0 	0 	0 	0 	0 	0 	0 	1.3025 	0.6458 	1.9591 	1.0000
291 	0 	0 	0 	0 	0 	0 	0 	0 	0 	0 	0 	2 	0 	0 	0 	1 	0 	0 	0 	0 	1.1375 	0.5686 	1.7064 	1.0000
292 	0 	0 	0 	0 	0 	0 	0 	3 	0 	0 	0 	0 	0 	0 	0 	0 	0 	0 	0 	0 	1.2959 	0.6391 	1.9528 	1.0000
293 	0 	0 	3 	0 	0 	0 	0 	0 	0 	0 	0 	0 	0 	0 	0 	0 	0 	0 	0 	0 	1.2896 	0.6325 	1.9466 	1.0000
294 	0 	0 	0 	0 	0 	0 	0 	0 	0 	0 	0 	0 	0 	0 	0 	0 	0 	3 	0 	0 	1.2177 	0.5530 	1.8825 	1.0000
295 	0 	0 	0 	0 	0 	0 	0 	0 	0 	0 	0 	0 	0 	0 	0 	0 	3 	0 	0 	0 	1.2597 	0.6006 	1.9188 	1.0000
296 	0 	0 	2 	1 	0 	0 	0 	0 	0 	0 	0 	0 	0 	0 	0 	0 	0 	0 	0 	0 	1.1070 	0.5427 	1.6712 	1.0000
297 	3 	0 	0 	0 	0 	0 	0 	0 	0 	0 	0 	0 	0 	0 	0 	0 	0 	0 	0 	0 	1.1496 	0.4680 	1.8312 	1.0000
298 	0 	0 	0 	0 	0 	0 	0 	0 	0 	0 	3 	0 	0 	0 	0 	0 	0 	0 	0 	0 	1.5684 	0.8658 	2.2709 	1.0000
299 	0 	0 	0 	0 	0 	0 	0 	0 	1 	0 	1 	0 	0 	0 	0 	0 	0 	1 	0 	0 	1.0696 	0.5252 	1.6140 	1.0000
300 	0 	0 	0 	1 	0 	0 	0 	0 	0 	0 	0 	2 	0 	0 	0 	0 	0 	0 	0 	0 	1.1470 	0.5812 	1.7129 	1.0000
301 	0 	0 	0 	0 	0 	0 	0 	0 	0 	0 	0 	0 	0 	3 	0 	0 	0 	0 	0 	0 	1.3855 	0.7249 	2.0461 	1.0000
302 	0 	0 	0 	0 	0 	1 	0 	0 	0 	0 	0 	0 	0 	0 	0 	2 	0 	0 	0 	0 	1.0396 	0.4642 	1.6150 	1.0000
303 	0 	0 	0 	0 	0 	0 	0 	0 	0 	0 	0 	0 	0 	0 	0 	0 	0 	0 	3 	0 	1.7983 	0.9975 	2.5991 	1.0000
304 	0 	0 	3 	0 	0 	0 	0 	0 	0 	0 	0 	0 	0 	0 	0 	0 	0 	0 	0 	0 	1.2896 	0.6325 	1.9466 	1.0000
305 	3 	0 	0 	0 	0 	0 	0 	0 	0 	0 	0 	0 	0 	0 	0 	0 	0 	0 	0 	0 	1.1496 	0.4680 	1.8312 	1.0000
306 	0 	0 	0 	2 	0 	0 	0 	1 	0 	0 	0 	0 	0 	0 	0 	0 	0 	0 	0 	0 	1.0908 	0.5235 	1.6581 	1.0000
307 	0 	0 	0 	0 	0 	0 	0 	0 	1 	0 	0 	0 	0 	0 	2 	0 	0 	0 	0 	0 	1.0995 	0.5350 	1.6639 	1.0000
308 	0 	0 	0 	0 	0 	0 	0 	3 	0 	0 	0 	0 	0 	0 	0 	0 	0 	0 	0 	0 	1.2959 	0.6391 	1.9528 	1.0000
309 	0 	0 	0 	0 	3 	0 	0 	0 	0 	0 	0 	0 	0 	0 	0 	0 	0 	0 	0 	0 	1.3943 	0.7327 	2.0560 	1.0000
310 	0 	0 	0 	1 	0 	0 	0 	0 	1 	0 	0 	0 	0 	1 	0 	0 	0 	0 	0 	0 	1.0198 	0.5075 	1.5322 	1.0000
311 	0 	0 	0 	3 	0 	0 	0 	0 	0 	0 	0 	0 	0 	0 	0 	0 	0 	0 	0 	0 	1.2379 	0.5763 	1.8996 	1.0000
312 	3 	0 	0 	0 	0 	0 	0 	0 	0 	0 	0 	0 	0 	0 	0 	0 	0 	0 	0 	0 	1.1496 	0.4680 	1.8312 	1.0000
313 	0 	0 	0 	3 	0 	0 	0 	0 	0 	0 	0 	0 	0 	0 	0 	0 	0 	0 	0 	0 	1.2379 	0.5763 	1.8996 	1.0000
314 	0 	0 	0 	0 	0 	0 	0 	0 	3 	0 	0 	0 	0 	0 	0 	0 	0 	0 	0 	0 	1.2655 	0.6069 	1.9240 	1.0000
315 	0 	0 	0 	0 	3 	0 	0 	0 	0 	0 	0 	0 	0 	0 	0 	0 	0 	0 	0 	0 	1.3943 	0.7327 	2.0560 	1.0000
316 	0 	0 	0 	0 	2 	0 	0 	0 	0 	0 	0 	0 	0 	0 	0 	0 	0 	0 	0 	1 	1.2397 	0.6645 	1.8150 	1.0000
317 	0 	0 	0 	0 	0 	0 	0 	0 	0 	0 	1 	0 	0 	0 	0 	0 	0 	2 	0 	0 	1.1596 	0.5544 	1.7647 	1.0000
318 	0 	0 	0 	0 	0 	0 	0 	0 	0 	0 	0 	0 	0 	0 	0 	3 	0 	0 	0 	0 	1.2035 	0.5360 	1.8710 	1.0000
319 	0 	0 	0 	0 	0 	0 	0 	1 	0 	0 	0 	0 	0 	0 	0 	0 	0 	2 	0 	0 	1.0781 	0.5078 	1.6485 	1.0000
320 	0 	0 	0 	0 	0 	3 	0 	0 	0 	0 	0 	0 	0 	0 	0 	0 	0 	0 	0 	0 	1.1901 	0.5196 	1.8605 	1.0000
321 	0 	0 	0 	0 	0 	0 	0 	0 	0 	3 	0 	0 	0 	0 	0 	0 	0 	0 	0 	0 	1.1213 	0.4297 	1.8129 	1.0000
322 	0 	0 	0 	0 	0 	0 	0 	0 	0 	0 	0 	0 	3 	0 	0 	0 	0 	0 	0 	0 	1.3025 	0.6458 	1.9591 	1.0000
323 	0 	0 	0 	0 	0 	0 	1 	0 	0 	0 	0 	1 	0 	0 	0 	1 	0 	0 	0 	0 	1.1007 	0.5486 	1.6527 	1.0000
324 	0 	0 	0 	0 	0 	0 	0 	0 	0 	0 	3 	0 	0 	0 	0 	0 	0 	0 	0 	0 	1.5684 	0.8658 	2.2709 	1.0000
325 	0 	0 	0 	0 	0 	0 	0 	0 	0 	0 	0 	0 	0 	0 	0 	0 	3 	0 	0 	0 	1.2597 	0.6006 	1.9188 	1.0000
326 	0 	0 	0 	0 	0 	0 	0 	0 	0 	0 	0 	0 	1 	2 	0 	0 	0 	0 	0 	0 	1.1864 	0.6203 	1.7524 	1.0000
327 	0 	0 	0 	0 	0 	3 	0 	0 	0 	0 	0 	0 	0 	0 	0 	0 	0 	0 	0 	0 	1.1901 	0.5196 	1.8605 	1.0000
328 	0 	0 	0 	0 	3 	0 	0 	0 	0 	0 	0 	0 	0 	0 	0 	0 	0 	0 	0 	0 	1.3943 	0.7327 	2.0560 	1.0000
329 	0 	0 	0 	0 	0 	0 	0 	0 	0 	0 	0 	0 	0 	0 	0 	0 	0 	0 	3 	0 	1.7983 	0.9975 	2.5991 	1.0000
330 	1 	0 	0 	0 	0 	0 	0 	0 	0 	0 	0 	2 	0 	0 	0 	0 	0 	0 	0 	0 	1.1229 	0.5465 	1.6993 	1.0000
331 	0 	0 	0 	0 	0 	0 	0 	0 	0 	0 	0 	3 	0 	0 	0 	0 	0 	0 	0 	0 	1.3526 	0.6948 	2.0103 	1.0000
332 	0 	0 	0 	0 	0 	0 	0 	0 	0 	0 	0 	0 	0 	0 	0 	3 	0 	0 	0 	0 	1.2035 	0.5360 	1.8710 	1.0000
333 	0 	0 	0 	0 	0 	0 	0 	0 	0 	0 	3 	0 	0 	0 	0 	0 	0 	0 	0 	0 	1.5684 	0.8658 	2.2709 	1.0000
334 	0 	0 	0 	0 	0 	0 	0 	0 	0 	3 	0 	0 	0 	0 	0 	0 	0 	0 	0 	0 	1.1213 	0.4297 	1.8129 	1.0000
335 	0 	0 	0 	0 	0 	0 	0 	0 	0 	0 	0 	0 	0 	0 	0 	0 	3 	0 	0 	0 	1.2597 	0.6006 	1.9188 	1.0000
336 	0 	0 	0 	3 	0 	0 	0 	0 	0 	0 	0 	0 	0 	0 	0 	0 	0 	0 	0 	0 	1.2379 	0.5763 	1.8996 	1.0000
337 	0 	0 	0 	0 	0 	0 	0 	0 	0 	0 	0 	0 	3 	0 	0 	0 	0 	0 	0 	0 	1.3025 	0.6458 	1.9591 	1.0000
338 	1 	0 	0 	0 	0 	2 	0 	0 	0 	0 	0 	0 	0 	0 	0 	0 	0 	0 	0 	0 	1.0203 	0.4385 	1.6021 	1.0000
339 	0 	0 	3 	0 	0 	0 	0 	0 	0 	0 	0 	0 	0 	0 	0 	0 	0 	0 	0 	0 	1.2896 	0.6325 	1.9466 	1.0000
340 	0 	0 	0 	0 	0 	3 	0 	0 	0 	0 	0 	0 	0 	0 	0 	0 	0 	0 	0 	0 	1.1901 	0.5196 	1.8605 	1.0000
341 	0 	0 	0 	0 	0 	0 	0 	0 	0 	0 	0 	0 	0 	0 	3 	0 	0 	0 	0 	0 	1.2655 	0.6069 	1.9240 	1.0000
342 	0 	0 	0 	0 	0 	0 	0 	0 	3 	0 	0 	0 	0 	0 	0 	0 	0 	0 	0 	0 	1.2655 	0.6069 	1.9240 	1.0000
343 	0 	0 	0 	0 	0 	0 	0 	0 	0 	0 	0 	0 	0 	0 	0 	0 	0 	3 	0 	0 	1.2177 	0.5530 	1.8825 	1.0000
344 	0 	0 	0 	0 	0 	0 	0 	0 	0 	0 	0 	0 	0 	0 	0 	0 	0 	3 	0 	0 	1.2177 	0.5530 	1.8825 	1.0000
345 	0 	3 	0 	0 	0 	0 	0 	0 	0 	0 	0 	0 	0 	0 	0 	0 	0 	0 	0 	0 	1.6966 	0.9441 	2.4491 	1.0000
346 	0 	0 	0 	0 	0 	0 	3 	0 	0 	0 	0 	0 	0 	0 	0 	0 	0 	0 	0 	0 	1.6004 	0.8867 	2.3141 	1.0000
347 	0 	0 	0 	0 	0 	0 	0 	0 	0 	0 	0 	0 	3 	0 	0 	0 	0 	0 	0 	0 	1.3025 	0.6458 	1.9591 	1.0000
348 	0 	0 	0 	0 	0 	0 	0 	0 	0 	0 	0 	0 	0 	0 	0 	0 	3 	0 	0 	0 	1.2597 	0.6006 	1.9188 	1.0000
349 	3 	0 	0 	0 	0 	0 	0 	0 	0 	0 	0 	0 	0 	0 	0 	0 	0 	0 	0 	0 	1.1496 	0.4680 	1.8312 	1.0000
350 	0 	0 	0 	0 	0 	0 	0 	0 	0 	0 	0 	0 	0 	0 	0 	0 	0 	0 	3 	0 	1.7983 	0.9975 	2.5991 	1.0000
351 	0 	0 	3 	0 	0 	0 	0 	0 	0 	0 	0 	0 	0 	0 	0 	0 	0 	0 	0 	0 	1.2896 	0.6325 	1.9466 	1.0000
352 	0 	0 	0 	0 	0 	0 	0 	0 	0 	3 	0 	0 	0 	0 	0 	0 	0 	0 	0 	0 	1.1213 	0.4297 	1.8129 	1.0000
353 	0 	0 	0 	0 	0 	3 	0 	0 	0 	0 	0 	0 	0 	0 	0 	0 	0 	0 	0 	0 	1.1901 	0.5196 	1.8605 	1.0000
354 	0 	0 	0 	0 	0 	0 	1 	0 	2 	0 	0 	0 	0 	0 	0 	0 	0 	0 	0 	0 	1.1995 	0.5963 	1.8027 	1.0000
355 	0 	0 	1 	0 	0 	2 	0 	0 	0 	0 	0 	0 	0 	0 	0 	0 	0 	0 	0 	0 	1.0590 	0.4834 	1.6346 	1.0000
356 	0 	0 	3 	0 	0 	0 	0 	0 	0 	0 	0 	0 	0 	0 	0 	0 	0 	0 	0 	0 	1.2896 	0.6325 	1.9466 	1.0000
357 	0 	0 	0 	0 	3 	0 	0 	0 	0 	0 	0 	0 	0 	0 	0 	0 	0 	0 	0 	0 	1.3943 	0.7327 	2.0560 	1.0000
358 	0 	0 	0 	0 	0 	0 	0 	0 	0 	0 	0 	0 	0 	0 	3 	0 	0 	0 	0 	0 	1.2655 	0.6069 	1.9240 	1.0000
359 	0 	0 	0 	0 	0 	0 	0 	3 	0 	0 	0 	0 	0 	0 	0 	0 	0 	0 	0 	0 	1.2959 	0.6391 	1.9528 	1.0000
360 	0 	0 	0 	0 	0 	0 	0 	0 	3 	0 	0 	0 	0 	0 	0 	0 	0 	0 	0 	0 	1.2655 	0.6069 	1.9240 	1.0000
361 	0 	0 	0 	0 	0 	0 	0 	0 	0 	0 	3 	0 	0 	0 	0 	0 	0 	0 	0 	0 	1.5684 	0.8658 	2.2709 	1.0000
362 	0 	3 	0 	0 	0 	0 	0 	0 	0 	0 	0 	0 	0 	0 	0 	0 	0 	0 	0 	0 	1.6966 	0.9441 	2.4491 	1.0000
363 	0 	0 	0 	0 	0 	0 	0 	0 	0 	0 	0 	0 	0 	0 	0 	0 	3 	0 	0 	0 	1.2597 	0.6006 	1.9188 	1.0000
364 	0 	0 	0 	0 	0 	0 	0 	0 	3 	0 	0 	0 	0 	0 	0 	0 	0 	0 	0 	0 	1.2655 	0.6069 	1.9240 	1.0000
365 	0 	0 	0 	0 	0 	0 	0 	0 	0 	0 	0 	0 	0 	0 	0 	0 	0 	3 	0 	0 	1.2177 	0.5530 	1.8825 	1.0000
366 	0 	0 	0 	0 	0 	0 	0 	0 	0 	0 	0 	0 	0 	0 	0 	0 	3 	0 	0 	0 	1.2597 	0.6006 	1.9188 	1.0000
367 	0 	0 	0 	0 	0 	0 	0 	0 	0 	0 	3 	0 	0 	0 	0 	0 	0 	0 	0 	0 	1.5684 	0.8658 	2.2709 	1.0000
368 	0 	0 	3 	0 	0 	0 	0 	0 	0 	0 	0 	0 	0 	0 	0 	0 	0 	0 	0 	0 	1.2896 	0.6325 	1.9466 	1.0000
369 	0 	0 	2 	0 	0 	0 	0 	0 	0 	0 	0 	1 	0 	0 	0 	0 	0 	0 	0 	0 	1.1398 	0.5752 	1.7044 	1.0000
370 	0 	0 	0 	0 	3 	0 	0 	0 	0 	0 	0 	0 	0 	0 	0 	0 	0 	0 	0 	0 	1.3943 	0.7327 	2.0560 	1.0000
371 	0 	0 	0 	0 	0 	0 	0 	0 	0 	3 	0 	0 	0 	0 	0 	0 	0 	0 	0 	0 	1.1213 	0.4297 	1.8129 	1.0000
372 	0 	0 	0 	0 	0 	0 	0 	0 	0 	0 	0 	0 	0 	0 	0 	0 	3 	0 	0 	0 	1.2597 	0.6006 	1.9188 	1.0000
373 	3 	0 	0 	0 	0 	0 	0 	0 	0 	0 	0 	0 	0 	0 	0 	0 	0 	0 	0 	0 	1.1496 	0.4680 	1.8312 	1.0000
374 	0 	0 	0 	0 	0 	0 	3 	0 	0 	0 	0 	0 	0 	0 	0 	0 	0 	0 	0 	0 	1.6004 	0.8867 	2.3141 	1.0000
375 	0 	0 	0 	0 	0 	0 	3 	0 	0 	0 	0 	0 	0 	0 	0 	0 	0 	0 	0 	0 	1.6004 	0.8867 	2.3141 	1.0000
376 	0 	0 	0 	3 	0 	0 	0 	0 	0 	0 	0 	0 	0 	0 	0 	0 	0 	0 	0 	0 	1.2379 	0.5763 	1.8996 	1.0000
377 	0 	0 	0 	0 	0 	0 	0 	0 	0 	0 	3 	0 	0 	0 	0 	0 	0 	0 	0 	0 	1.5684 	0.8658 	2.2709 	1.0000
378 	0 	0 	0 	0 	0 	3 	0 	0 	0 	0 	0 	0 	0 	0 	0 	0 	0 	0 	0 	0 	1.1901 	0.5196 	1.8605 	1.0000
379 	0 	0 	0 	0 	0 	0 	3 	0 	0 	0 	0 	0 	0 	0 	0 	0 	0 	0 	0 	0 	1.6004 	0.8867 	2.3141 	1.0000
380 	0 	0 	0 	0 	0 	0 	0 	3 	0 	0 	0 	0 	0 	0 	0 	0 	0 	0 	0 	0 	1.2959 	0.6391 	1.9528 	1.0000
381 	0 	0 	0 	0 	0 	0 	0 	0 	0 	0 	0 	0 	0 	3 	0 	0 	0 	0 	0 	0 	1.3855 	0.7249 	2.0461 	1.0000
382 	0 	0 	0 	0 	0 	0 	0 	0 	0 	0 	0 	0 	0 	0 	0 	0 	0 	0 	0 	3 	1.4642 	0.7905 	2.1378 	1.0000
383 	0 	0 	3 	0 	0 	0 	0 	0 	0 	0 	0 	0 	0 	0 	0 	0 	0 	0 	0 	0 	1.2896 	0.6325 	1.9466 	1.0000
384 	0 	0 	0 	0 	0 	0 	0 	0 	0 	0 	3 	0 	0 	0 	0 	0 	0 	0 	0 	0 	1.5684 	0.8658 	2.2709 	1.0000
385 	3 	0 	0 	0 	0 	0 	0 	0 	0 	0 	0 	0 	0 	0 	0 	0 	0 	0 	0 	0 	1.1496 	0.4680 	1.8312 	1.0000
386 	0 	0 	0 	0 	0 	0 	0 	0 	0 	0 	0 	0 	0 	0 	0 	0 	0 	0 	0 	3 	1.4642 	0.7905 	2.1378 	1.0000
387 	3 	0 	0 	0 	0 	0 	0 	0 	0 	0 	0 	0 	0 	0 	0 	0 	0 	0 	0 	0 	1.1496 	0.4680 	1.8312 	1.0000
388 	0 	0 	0 	0 	0 	0 	0 	1 	0 	0 	0 	0 	0 	0 	1 	0 	1 	0 	0 	0 	0.9999 	0.4933 	1.5065 	1.0000
389 	0 	0 	0 	0 	0 	0 	0 	0 	0 	0 	0 	0 	0 	3 	0 	0 	0 	0 	0 	0 	1.3855 	0.7249 	2.0461 	1.0000
390 	0 	0 	0 	0 	0 	0 	0 	0 	0 	0 	0 	0 	3 	0 	0 	0 	0 	0 	0 	0 	1.3025 	0.6458 	1.9591 	1.0000
391 	0 	0 	0 	0 	1 	0 	0 	0 	0 	0 	0 	0 	0 	0 	0 	0 	0 	0 	0 	2 	1.2637 	0.6850 	1.8425 	1.0000
392 	0 	0 	0 	0 	0 	0 	0 	0 	0 	3 	0 	0 	0 	0 	0 	0 	0 	0 	0 	0 	1.1213 	0.4297 	1.8129 	1.0000
393 	0 	0 	0 	0 	0 	0 	0 	0 	0 	3 	0 	0 	0 	0 	0 	0 	0 	0 	0 	0 	1.1213 	0.4297 	1.8129 	1.0000
394 	0 	0 	0 	0 	0 	0 	0 	0 	0 	0 	0 	0 	0 	0 	3 	0 	0 	0 	0 	0 	1.2655 	0.6069 	1.9240 	1.0000
395 	0 	0 	0 	0 	0 	0 	0 	0 	0 	0 	0 	3 	0 	0 	0 	0 	0 	0 	0 	0 	1.3526 	0.6948 	2.0103 	1.0000
396 	0 	0 	0 	0 	0 	3 	0 	0 	0 	0 	0 	0 	0 	0 	0 	0 	0 	0 	0 	0 	1.1901 	0.5196 	1.8605 	1.0000
397 	3 	0 	0 	0 	0 	0 	0 	0 	0 	0 	0 	0 	0 	0 	0 	0 	0 	0 	0 	0 	1.1496 	0.4680 	1.8312 	1.0000
398 	0 	0 	0 	0 	0 	0 	0 	0 	0 	0 	0 	3 	0 	0 	0 	0 	0 	0 	0 	0 	1.3526 	0.6948 	2.0103 	1.0000
399 	0 	0 	0 	3 	0 	0 	0 	0 	0 	0 	0 	0 	0 	0 	0 	0 	0 	0 	0 	0 	1.2379 	0.5763 	1.8996 	1.0000
400 	0 	0 	0 	0 	0 	3 	0 	0 	0 	0 	0 	0 	0 	0 	0 	0 	0 	0 	0 	0 	1.1901 	0.5196 	1.8605 	1.0000
401 	0 	0 	0 	0 	3 	0 	0 	0 	0 	0 	0 	0 	0 	0 	0 	0 	0 	0 	0 	0 	1.3943 	0.7327 	2.0560 	1.0000
402 	0 	0 	0 	0 	0 	0 	3 	0 	0 	0 	0 	0 	0 	0 	0 	0 	0 	0 	0 	0 	1.6004 	0.8867 	2.3141 	1.0000
403 	0 	0 	0 	3 	0 	0 	0 	0 	0 	0 	0 	0 	0 	0 	0 	0 	0 	0 	0 	0 	1.2379 	0.5763 	1.8996 	1.0000
404 	3 	0 	0 	0 	0 	0 	0 	0 	0 	0 	0 	0 	0 	0 	0 	0 	0 	0 	0 	0 	1.1496 	0.4680 	1.8312 	1.0000
405 	0 	0 	0 	0 	0 	0 	0 	0 	0 	0 	0 	0 	0 	0 	0 	0 	0 	3 	0 	0 	1.2177 	0.5530 	1.8825 	1.0000
406 	0 	0 	0 	0 	0 	3 	0 	0 	0 	0 	0 	0 	0 	0 	0 	0 	0 	0 	0 	0 	1.1901 	0.5196 	1.8605 	1.0000
407 	0 	0 	0 	3 	0 	0 	0 	0 	0 	0 	0 	0 	0 	0 	0 	0 	0 	0 	0 	0 	1.2379 	0.5763 	1.8996 	1.0000
408 	0 	0 	0 	0 	0 	0 	0 	2 	0 	0 	0 	0 	0 	0 	0 	0 	0 	1 	0 	0 	1.1054 	0.5400 	1.6709 	1.0000
409 	0 	0 	0 	0 	0 	0 	0 	0 	0 	0 	3 	0 	0 	0 	0 	0 	0 	0 	0 	0 	1.5684 	0.8658 	2.2709 	1.0000
410 	0 	0 	0 	0 	0 	0 	0 	0 	0 	0 	0 	0 	0 	0 	0 	3 	0 	0 	0 	0 	1.2035 	0.5360 	1.8710 	1.0000
411 	0 	0 	0 	0 	0 	0 	0 	0 	0 	3 	0 	0 	0 	0 	0 	0 	0 	0 	0 	0 	1.1213 	0.4297 	1.8129 	1.0000
412 	0 	0 	0 	0 	0 	0 	0 	0 	0 	0 	0 	0 	0 	0 	0 	3 	0 	0 	0 	0 	1.2035 	0.5360 	1.8710 	1.0000
413 	2 	0 	0 	0 	0 	0 	0 	0 	0 	0 	0 	0 	0 	0 	0 	0 	0 	1 	0 	0 	1.0136 	0.4277 	1.5996 	1.0000
414 	3 	0 	0 	0 	0 	0 	0 	0 	0 	0 	0 	0 	0 	0 	0 	0 	0 	0 	0 	0 	1.1496 	0.4680 	1.8312 	1.0000
415 	0 	0 	0 	0 	0 	0 	0 	0 	0 	0 	0 	0 	0 	0 	0 	0 	3 	0 	0 	0 	1.2597 	0.6006 	1.9188 	1.0000
416 	0 	0 	0 	0 	0 	0 	0 	0 	0 	0 	0 	0 	3 	0 	0 	0 	0 	0 	0 	0 	1.3025 	0.6458 	1.9591 	1.0000
417 	0 	0 	0 	0 	0 	0 	1 	0 	2 	0 	0 	0 	0 	0 	0 	0 	0 	0 	0 	0 	1.1995 	0.5963 	1.8027 	1.0000
418 	0 	0 	0 	0 	0 	0 	2 	0 	0 	0 	0 	0 	0 	0 	0 	0 	0 	0 	0 	1 	1.3730 	0.7569 	1.9891 	1.0000
419 	0 	0 	0 	0 	0 	0 	0 	0 	0 	3 	0 	0 	0 	0 	0 	0 	0 	0 	0 	0 	1.1213 	0.4297 	1.8129 	1.0000
420 	0 	0 	0 	0 	0 	0 	0 	0 	3 	0 	0 	0 	0 	0 	0 	0 	0 	0 	0 	0 	1.2655 	0.6069 	1.9240 	1.0000
421 	1 	0 	0 	0 	0 	1 	0 	0 	0 	0 	0 	0 	0 	0 	0 	1 	0 	0 	0 	0 	0.9227 	0.3977 	1.4477 	1.0000
422 	0 	0 	0 	0 	0 	0 	0 	1 	0 	1 	1 	0 	0 	0 	0 	0 	0 	0 	0 	0 	1.0522 	0.4907 	1.6138 	1.0000
423 	0 	0 	0 	0 	0 	3 	0 	0 	0 	0 	0 	0 	0 	0 	0 	0 	0 	0 	0 	0 	1.1901 	0.5196 	1.8605 	1.0000
424 	0 	0 	0 	0 	0 	0 	0 	0 	0 	3 	0 	0 	0 	0 	0 	0 	0 	0 	0 	0 	1.1213 	0.4297 	1.8129 	1.0000
425 	0 	0 	0 	0 	0 	0 	0 	0 	0 	3 	0 	0 	0 	0 	0 	0 	0 	0 	0 	0 	1.1213 	0.4297 	1.8129 	1.0000
426 	0 	0 	0 	0 	0 	0 	0 	0 	0 	0 	0 	0 	3 	0 	0 	0 	0 	0 	0 	0 	1.3025 	0.6458 	1.9591 	1.0000
427 	0 	0 	0 	0 	0 	0 	0 	0 	0 	0 	0 	0 	1 	0 	0 	2 	0 	0 	0 	0 	1.0711 	0.4979 	1.6443 	1.0000
428 	0 	0 	3 	0 	0 	0 	0 	0 	0 	0 	0 	0 	0 	0 	0 	0 	0 	0 	0 	0 	1.2896 	0.6325 	1.9466 	1.0000
429 	0 	0 	0 	0 	3 	0 	0 	0 	0 	0 	0 	0 	0 	0 	0 	0 	0 	0 	0 	0 	1.3943 	0.7327 	2.0560 	1.0000
430 	0 	0 	0 	0 	0 	0 	0 	0 	0 	0 	0 	0 	0 	1 	0 	1 	0 	0 	0 	1 	1.0685 	0.5412 	1.5959 	1.0000
431 	0 	0 	0 	3 	0 	0 	0 	0 	0 	0 	0 	0 	0 	0 	0 	0 	0 	0 	0 	0 	1.2379 	0.5763 	1.8996 	1.0000
432 	0 	0 	3 	0 	0 	0 	0 	0 	0 	0 	0 	0 	0 	0 	0 	0 	0 	0 	0 	0 	1.2896 	0.6325 	1.9466 	1.0000
433 	0 	0 	0 	0 	0 	0 	0 	0 	0 	0 	0 	1 	0 	0 	0 	2 	0 	0 	0 	0 	1.0856 	0.5097 	1.6616 	1.0000
434 	0 	0 	0 	3 	0 	0 	0 	0 	0 	0 	0 	0 	0 	0 	0 	0 	0 	0 	0 	0 	1.2379 	0.5763 	1.8996 	1.0000
435 	0 	0 	0 	0 	0 	0 	0 	0 	0 	0 	0 	0 	0 	0 	0 	0 	3 	0 	0 	0 	1.2597 	0.6006 	1.9188 	1.0000
436 	0 	0 	0 	3 	0 	0 	0 	0 	0 	0 	0 	0 	0 	0 	0 	0 	0 	0 	0 	0 	1.2379 	0.5763 	1.8996 	1.0000
437 	0 	0 	0 	0 	0 	0 	0 	3 	0 	0 	0 	0 	0 	0 	0 	0 	0 	0 	0 	0 	1.2959 	0.6391 	1.9528 	1.0000
438 	0 	0 	0 	0 	0 	0 	0 	0 	0 	0 	0 	3 	0 	0 	0 	0 	0 	0 	0 	0 	1.3526 	0.6948 	2.0103 	1.0000
439 	0 	0 	0 	0 	3 	0 	0 	0 	0 	0 	0 	0 	0 	0 	0 	0 	0 	0 	0 	0 	1.3943 	0.7327 	2.0560 	1.0000
440 	0 	0 	0 	0 	0 	0 	0 	0 	0 	3 	0 	0 	0 	0 	0 	0 	0 	0 	0 	0 	1.1213 	0.4297 	1.8129 	1.0000
441 	0 	0 	0 	0 	0 	0 	0 	0 	0 	3 	0 	0 	0 	0 	0 	0 	0 	0 	0 	0 	1.1213 	0.4297 	1.8129 	1.0000
442 	0 	0 	0 	0 	0 	0 	0 	0 	3 	0 	0 	0 	0 	0 	0 	0 	0 	0 	0 	0 	1.2655 	0.6069 	1.9240 	1.0000
443 	0 	0 	0 	0 	0 	0 	0 	0 	0 	0 	0 	0 	0 	3 	0 	0 	0 	0 	0 	0 	1.3855 	0.7249 	2.0461 	1.0000
444 	3 	0 	0 	0 	0 	0 	0 	0 	0 	0 	0 	0 	0 	0 	0 	0 	0 	0 	0 	0 	1.1496 	0.4680 	1.8312 	1.0000
445 	0 	0 	0 	0 	0 	0 	0 	0 	0 	3 	0 	0 	0 	0 	0 	0 	0 	0 	0 	0 	1.1213 	0.4297 	1.8129 	1.0000
446 	0 	0 	0 	0 	0 	0 	0 	0 	0 	0 	0 	0 	0 	0 	0 	1 	2 	0 	0 	0 	1.0786 	0.5107 	1.6465 	1.0000
447 	0 	0 	0 	0 	0 	0 	0 	3 	0 	0 	0 	0 	0 	0 	0 	0 	0 	0 	0 	0 	1.2959 	0.6391 	1.9528 	1.0000
448 	0 	0 	0 	0 	0 	0 	0 	0 	0 	0 	0 	0 	0 	0 	0 	0 	0 	3 	0 	0 	1.2177 	0.5530 	1.8825 	1.0000
449 	0 	0 	0 	0 	0 	3 	0 	0 	0 	0 	0 	0 	0 	0 	0 	0 	0 	0 	0 	0 	1.1901 	0.5196 	1.8605 	1.0000
450 	0 	0 	0 	0 	0 	0 	0 	0 	0 	0 	0 	0 	0 	0 	0 	0 	3 	0 	0 	0 	1.2597 	0.6006 	1.9188 	1.0000
451 	0 	0 	0 	0 	0 	0 	0 	0 	0 	3 	0 	0 	0 	0 	0 	0 	0 	0 	0 	0 	1.1213 	0.4297 	1.8129 	1.0000
452 	0 	0 	0 	0 	0 	0 	0 	0 	0 	0 	0 	0 	3 	0 	0 	0 	0 	0 	0 	0 	1.3025 	0.6458 	1.9591 	1.0000
453 	0 	0 	0 	0 	3 	0 	0 	0 	0 	0 	0 	0 	0 	0 	0 	0 	0 	0 	0 	0 	1.3943 	0.7327 	2.0560 	1.0000
454 	0 	0 	0 	0 	0 	0 	0 	0 	0 	0 	0 	0 	0 	0 	0 	0 	3 	0 	0 	0 	1.2597 	0.6006 	1.9188 	1.0000
455 	0 	0 	0 	0 	0 	0 	0 	0 	0 	0 	0 	0 	0 	0 	0 	0 	0 	0 	0 	3 	1.4642 	0.7905 	2.1378 	1.0000
456 	0 	0 	0 	0 	0 	0 	0 	0 	0 	0 	3 	0 	0 	0 	0 	0 	0 	0 	0 	0 	1.5684 	0.8658 	2.2709 	1.0000
457 	0 	0 	0 	0 	0 	0 	0 	0 	0 	3 	0 	0 	0 	0 	0 	0 	0 	0 	0 	0 	1.1213 	0.4297 	1.8129 	1.0000
458 	0 	0 	0 	3 	0 	0 	0 	0 	0 	0 	0 	0 	0 	0 	0 	0 	0 	0 	0 	0 	1.2379 	0.5763 	1.8996 	1.0000
459 	0 	0 	0 	0 	0 	0 	0 	0 	3 	0 	0 	0 	0 	0 	0 	0 	0 	0 	0 	0 	1.2655 	0.6069 	1.9240 	1.0000
460 	0 	0 	0 	0 	0 	0 	0 	0 	0 	0 	0 	0 	0 	0 	0 	0 	0 	0 	3 	0 	1.7983 	0.9975 	2.5991 	1.0000
461 	0 	0 	0 	0 	0 	0 	0 	0 	0 	0 	0 	0 	0 	0 	3 	0 	0 	0 	0 	0 	1.2655 	0.6069 	1.9240 	1.0000
462 	0 	0 	0 	0 	0 	0 	0 	0 	0 	0 	0 	0 	0 	0 	0 	0 	0 	0 	3 	0 	1.7983 	0.9975 	2.5991 	1.0000
463 	0 	0 	0 	0 	0 	0 	0 	0 	0 	0 	3 	0 	0 	0 	0 	0 	0 	0 	0 	0 	1.5684 	0.8658 	2.2709 	1.0000
464 	0 	0 	0 	0 	0 	0 	0 	0 	0 	0 	0 	0 	0 	0 	0 	0 	0 	3 	0 	0 	1.2177 	0.5530 	1.8825 	1.0000
465 	0 	0 	0 	0 	3 	0 	0 	0 	0 	0 	0 	0 	0 	0 	0 	0 	0 	0 	0 	0 	1.3943 	0.7327 	2.0560 	1.0000
466 	0 	0 	0 	0 	0 	0 	0 	0 	2 	0 	0 	0 	0 	0 	1 	0 	0 	0 	0 	0 	1.0995 	0.5350 	1.6639 	1.0000
467 	0 	0 	0 	0 	0 	3 	0 	0 	0 	0 	0 	0 	0 	0 	0 	0 	0 	0 	0 	0 	1.1901 	0.5196 	1.8605 	1.0000
468 	0 	0 	0 	3 	0 	0 	0 	0 	0 	0 	0 	0 	0 	0 	0 	0 	0 	0 	0 	0 	1.2379 	0.5763 	1.8996 	1.0000
469 	0 	0 	0 	0 	0 	0 	0 	3 	0 	0 	0 	0 	0 	0 	0 	0 	0 	0 	0 	0 	1.2959 	0.6391 	1.9528 	1.0000
470 	0 	0 	0 	0 	0 	0 	0 	0 	0 	0 	0 	0 	3 	0 	0 	0 	0 	0 	0 	0 	1.3025 	0.6458 	1.9591 	1.0000
471 	0 	0 	0 	0 	0 	0 	0 	0 	3 	0 	0 	0 	0 	0 	0 	0 	0 	0 	0 	0 	1.2655 	0.6069 	1.9240 	1.0000
472 	0 	0 	0 	3 	0 	0 	0 	0 	0 	0 	0 	0 	0 	0 	0 	0 	0 	0 	0 	0 	1.2379 	0.5763 	1.8996 	1.0000
473 	0 	0 	0 	0 	0 	0 	0 	0 	0 	0 	0 	0 	0 	3 	0 	0 	0 	0 	0 	0 	1.3855 	0.7249 	2.0461 	1.0000
474 	0 	0 	0 	0 	0 	0 	0 	0 	0 	0 	0 	0 	0 	0 	0 	0 	0 	0 	3 	0 	1.7983 	0.9975 	2.5991 	1.0000
475 	0 	0 	0 	0 	0 	0 	0 	0 	0 	0 	3 	0 	0 	0 	0 	0 	0 	0 	0 	0 	1.5684 	0.8658 	2.2709 	1.0000
476 	0 	0 	0 	0 	0 	0 	0 	0 	2 	0 	0 	0 	0 	1 	0 	0 	0 	0 	0 	0 	1.1342 	0.5653 	1.7031 	1.0000
477 	0 	0 	0 	0 	0 	0 	0 	0 	3 	0 	0 	0 	0 	0 	0 	0 	0 	0 	0 	0 	1.2655 	0.6069 	1.9240 	1.0000
478 	0 	0 	0 	0 	0 	0 	0 	0 	0 	0 	0 	0 	0 	0 	0 	0 	0 	0 	3 	0 	1.7983 	0.9975 	2.5991 	1.0000
479 	0 	0 	0 	0 	0 	0 	0 	0 	0 	0 	0 	0 	0 	0 	0 	0 	0 	0 	3 	0 	1.7983 	0.9975 	2.5991 	1.0000
480 	0 	0 	0 	3 	0 	0 	0 	0 	0 	0 	0 	0 	0 	0 	0 	0 	0 	0 	0 	0 	1.2379 	0.5763 	1.8996 	1.0000
481 	0 	0 	0 	0 	0 	0 	0 	0 	0 	0 	3 	0 	0 	0 	0 	0 	0 	0 	0 	0 	1.5684 	0.8658 	2.2709 	1.0000
482 	0 	0 	0 	0 	0 	0 	0 	0 	3 	0 	0 	0 	0 	0 	0 	0 	0 	0 	0 	0 	1.2655 	0.6069 	1.9240 	1.0000
483 	0 	0 	0 	0 	0 	0 	0 	0 	0 	0 	0 	0 	0 	0 	3 	0 	0 	0 	0 	0 	1.2655 	0.6069 	1.9240 	1.0000
484 	0 	0 	0 	3 	0 	0 	0 	0 	0 	0 	0 	0 	0 	0 	0 	0 	0 	0 	0 	0 	1.2379 	0.5763 	1.8996 	1.0000
485 	0 	0 	0 	0 	0 	0 	0 	3 	0 	0 	0 	0 	0 	0 	0 	0 	0 	0 	0 	0 	1.2959 	0.6391 	1.9528 	1.0000
486 	0 	0 	0 	0 	0 	0 	0 	0 	0 	0 	0 	0 	0 	0 	0 	0 	0 	3 	0 	0 	1.2177 	0.5530 	1.8825 	1.0000
487 	0 	0 	0 	0 	0 	3 	0 	0 	0 	0 	0 	0 	0 	0 	0 	0 	0 	0 	0 	0 	1.1901 	0.5196 	1.8605 	1.0000
488 	0 	0 	0 	0 	0 	0 	0 	0 	0 	0 	0 	0 	0 	0 	0 	0 	0 	3 	0 	0 	1.2177 	0.5530 	1.8825 	1.0000
489 	0 	0 	0 	0 	0 	0 	0 	0 	0 	0 	0 	0 	0 	0 	0 	0 	0 	3 	0 	0 	1.2177 	0.5530 	1.8825 	1.0000
490 	0 	0 	0 	3 	0 	0 	0 	0 	0 	0 	0 	0 	0 	0 	0 	0 	0 	0 	0 	0 	1.2379 	0.5763 	1.8996 	1.0000
491 	0 	0 	0 	0 	0 	0 	0 	0 	0 	0 	0 	0 	3 	0 	0 	0 	0 	0 	0 	0 	1.3025 	0.6458 	1.9591 	1.0000
492 	0 	0 	0 	0 	0 	0 	0 	0 	0 	3 	0 	0 	0 	0 	0 	0 	0 	0 	0 	0 	1.1213 	0.4297 	1.8129 	1.0000
493 	0 	0 	0 	0 	0 	0 	0 	0 	0 	0 	0 	0 	3 	0 	0 	0 	0 	0 	0 	0 	1.3025 	0.6458 	1.9591 	1.0000
494 	0 	0 	0 	0 	0 	0 	3 	0 	0 	0 	0 	0 	0 	0 	0 	0 	0 	0 	0 	0 	1.6004 	0.8867 	2.3141 	1.0000
495 	0 	0 	3 	0 	0 	0 	0 	0 	0 	0 	0 	0 	0 	0 	0 	0 	0 	0 	0 	0 	1.2896 	0.6325 	1.9466 	1.0000
496 	0 	0 	0 	3 	0 	0 	0 	0 	0 	0 	0 	0 	0 	0 	0 	0 	0 	0 	0 	0 	1.2379 	0.5763 	1.8996 	1.0000
497 	0 	0 	0 	0 	0 	0 	0 	0 	0 	0 	0 	0 	0 	0 	0 	0 	3 	0 	0 	0 	1.2597 	0.6006 	1.9188 	1.0000
498 	0 	0 	0 	0 	0 	0 	0 	0 	0 	0 	0 	0 	0 	0 	0 	0 	0 	0 	0 	3 	1.4642 	0.7905 	2.1378 	1.0000
499 	0 	3 	0 	0 	0 	0 	0 	0 	0 	0 	0 	0 	0 	0 	0 	0 	0 	0 	0 	0 	1.6966 	0.9441 	2.4491 	1.0000
500 	0 	0 	3 	0 	0 	0 	0 	0 	0 	0 	0 	0 	0 	0 	0 	0 	0 	0 	0 	0 	1.2896 	0.6325 	1.9466 	1.0000
501 	0 	0 	0 	0 	0 	0 	0 	0 	0 	0 	0 	0 	3 	0 	0 	0 	0 	0 	0 	0 	1.3025 	0.6458 	1.9591 	1.0000
502 	3 	0 	0 	0 	0 	0 	0 	0 	0 	0 	0 	0 	0 	0 	0 	0 	0 	0 	0 	0 	1.1496 	0.4680 	1.8312 	1.0000
503 	0 	1 	0 	0 	0 	0 	0 	0 	0 	0 	0 	0 	0 	0 	0 	2 	0 	0 	0 	0 	1.1907 	0.5505 	1.8310 	1.0000
504 	0 	0 	0 	0 	0 	0 	0 	0 	0 	3 	0 	0 	0 	0 	0 	0 	0 	0 	0 	0 	1.1213 	0.4297 	1.8129 	1.0000
505 	0 	0 	0 	0 	3 	0 	0 	0 	0 	0 	0 	0 	0 	0 	0 	0 	0 	0 	0 	0 	1.3943 	0.7327 	2.0560 	1.0000
506 	0 	0 	0 	0 	0 	0 	3 	0 	0 	0 	0 	0 	0 	0 	0 	0 	0 	0 	0 	0 	1.6004 	0.8867 	2.3141 	1.0000
507 	0 	0 	0 	0 	0 	0 	0 	0 	0 	0 	0 	0 	0 	0 	0 	0 	0 	3 	0 	0 	1.2177 	0.5530 	1.8825 	1.0000
508 	2 	0 	0 	0 	0 	0 	0 	0 	0 	0 	0 	0 	0 	0 	0 	1 	0 	0 	0 	0 	1.0097 	0.4233 	1.5962 	1.0000
509 	0 	0 	0 	1 	0 	0 	0 	0 	0 	0 	0 	2 	0 	0 	0 	0 	0 	0 	0 	0 	1.1470 	0.5812 	1.7129 	1.0000
510 	0 	0 	3 	0 	0 	0 	0 	0 	0 	0 	0 	0 	0 	0 	0 	0 	0 	0 	0 	0 	1.2896 	0.6325 	1.9466 	1.0000
511 	0 	0 	0 	0 	0 	0 	0 	0 	0 	0 	0 	0 	0 	0 	0 	0 	0 	0 	0 	3 	1.4642 	0.7905 	2.1378 	1.0000
512 	0 	0 	0 	0 	0 	0 	0 	0 	0 	0 	0 	0 	0 	0 	0 	3 	0 	0 	0 	0 	1.2035 	0.5360 	1.8710 	1.0000
513 	0 	0 	0 	0 	3 	0 	0 	0 	0 	0 	0 	0 	0 	0 	0 	0 	0 	0 	0 	0 	1.3943 	0.7327 	2.0560 	1.0000
514 	0 	0 	0 	0 	0 	0 	0 	3 	0 	0 	0 	0 	0 	0 	0 	0 	0 	0 	0 	0 	1.2959 	0.6391 	1.9528 	1.0000
515 	0 	0 	0 	0 	0 	0 	0 	0 	0 	0 	0 	0 	0 	0 	3 	0 	0 	0 	0 	0 	1.2655 	0.6069 	1.9240 	1.0000
516 	0 	0 	0 	0 	0 	0 	0 	0 	0 	0 	0 	0 	0 	0 	0 	0 	0 	0 	0 	3 	1.4642 	0.7905 	2.1378 	1.0000
517 	0 	0 	0 	0 	1 	0 	0 	0 	0 	0 	0 	0 	0 	0 	0 	0 	0 	0 	0 	2 	1.2637 	0.6850 	1.8425 	1.0000
518 	0 	0 	0 	0 	0 	0 	0 	0 	0 	0 	0 	0 	0 	0 	0 	0 	3 	0 	0 	0 	1.2597 	0.6006 	1.9188 	1.0000
519 	0 	0 	0 	0 	0 	0 	0 	0 	0 	0 	0 	0 	0 	0 	3 	0 	0 	0 	0 	0 	1.2655 	0.6069 	1.9240 	1.0000
520 	0 	0 	0 	0 	0 	0 	0 	0 	0 	0 	0 	0 	0 	0 	0 	0 	3 	0 	0 	0 	1.2597 	0.6006 	1.9188 	1.0000
521 	0 	0 	0 	0 	0 	0 	0 	3 	0 	0 	0 	0 	0 	0 	0 	0 	0 	0 	0 	0 	1.2959 	0.6391 	1.9528 	1.0000
522 	0 	0 	0 	0 	1 	0 	0 	0 	0 	0 	0 	0 	0 	0 	0 	0 	0 	0 	0 	2 	1.2637 	0.6850 	1.8425 	1.0000
523 	0 	0 	0 	1 	0 	0 	0 	0 	0 	0 	0 	0 	0 	2 	0 	0 	0 	0 	0 	0 	1.1681 	0.5991 	1.7371 	1.0000
524 	0 	0 	0 	0 	3 	0 	0 	0 	0 	0 	0 	0 	0 	0 	0 	0 	0 	0 	0 	0 	1.3943 	0.7327 	2.0560 	1.0000
525 	0 	0 	0 	0 	0 	0 	0 	0 	0 	0 	0 	0 	0 	3 	0 	0 	0 	0 	0 	0 	1.3855 	0.7249 	2.0461 	1.0000
526 	0 	0 	0 	0 	3 	0 	0 	0 	0 	0 	0 	0 	0 	0 	0 	0 	0 	0 	0 	0 	1.3943 	0.7327 	2.0560 	1.0000
527 	0 	0 	0 	0 	0 	0 	1 	0 	0 	0 	0 	0 	0 	2 	0 	0 	0 	0 	0 	0 	1.2759 	0.6796 	1.8721 	1.0000
528 	0 	0 	0 	3 	0 	0 	0 	0 	0 	0 	0 	0 	0 	0 	0 	0 	0 	0 	0 	0 	1.2379 	0.5763 	1.8996 	1.0000
529 	3 	0 	0 	0 	0 	0 	0 	0 	0 	0 	0 	0 	0 	0 	0 	0 	0 	0 	0 	0 	1.1496 	0.4680 	1.8312 	1.0000
530 	0 	0 	0 	0 	0 	0 	0 	0 	0 	3 	0 	0 	0 	0 	0 	0 	0 	0 	0 	0 	1.1213 	0.4297 	1.8129 	1.0000
531 	0 	3 	0 	0 	0 	0 	0 	0 	0 	0 	0 	0 	0 	0 	0 	0 	0 	0 	0 	0 	1.6966 	0.9441 	2.4491 	1.0000
532 	0 	0 	0 	0 	0 	0 	0 	0 	0 	0 	0 	0 	0 	2 	1 	0 	0 	0 	0 	0 	1.1758 	0.6086 	1.7430 	1.0000
533 	1 	0 	0 	0 	0 	0 	0 	1 	0 	0 	0 	0 	0 	0 	0 	0 	1 	0 	0 	0 	0.9680 	0.4490 	1.4870 	1.0000
534 	3 	0 	0 	0 	0 	0 	0 	0 	0 	0 	0 	0 	0 	0 	0 	0 	0 	0 	0 	0 	1.1496 	0.4680 	1.8312 	1.0000
535 	0 	0 	0 	0 	0 	0 	0 	0 	3 	0 	0 	0 	0 	0 	0 	0 	0 	0 	0 	0 	1.2655 	0.6069 	1.9240 	1.0000
536 	0 	0 	0 	0 	0 	0 	2 	0 	0 	0 	0 	0 	0 	0 	0 	0 	0 	0 	0 	1 	1.3730 	0.7569 	1.9891 	1.0000
537 	0 	0 	0 	1 	0 	0 	0 	0 	0 	0 	0 	1 	0 	1 	0 	0 	0 	0 	0 	0 	1.0449 	0.5325 	1.5573 	1.0000
538 	0 	0 	0 	0 	0 	3 	0 	0 	0 	0 	0 	0 	0 	0 	0 	0 	0 	0 	0 	0 	1.1901 	0.5196 	1.8605 	1.0000
539 	0 	0 	0 	0 	0 	0 	0 	0 	0 	0 	0 	0 	2 	0 	0 	1 	0 	0 	0 	0 	1.1056 	0.5390 	1.6723 	1.0000
540 	0 	0 	0 	0 	0 	0 	0 	0 	0 	3 	0 	0 	0 	0 	0 	0 	0 	0 	0 	0 	1.1213 	0.4297 	1.8129 	1.0000
541 	0 	0 	0 	0 	0 	0 	2 	0 	0 	0 	0 	0 	0 	0 	0 	0 	0 	0 	0 	1 	1.3730 	0.7569 	1.9891 	1.0000
542 	0 	0 	0 	0 	0 	0 	0 	0 	3 	0 	0 	0 	0 	0 	0 	0 	0 	0 	0 	0 	1.2655 	0.6069 	1.9240 	1.0000
543 	0 	3 	0 	0 	0 	0 	0 	0 	0 	0 	0 	0 	0 	0 	0 	0 	0 	0 	0 	0 	1.6966 	0.9441 	2.4491 	1.0000
544 	0 	0 	3 	0 	0 	0 	0 	0 	0 	0 	0 	0 	0 	0 	0 	0 	0 	0 	0 	0 	1.2896 	0.6325 	1.9466 	1.0000
545 	0 	0 	0 	0 	0 	0 	0 	3 	0 	0 	0 	0 	0 	0 	0 	0 	0 	0 	0 	0 	1.2959 	0.6391 	1.9528 	1.0000
546 	0 	0 	0 	0 	0 	0 	0 	0 	0 	0 	0 	0 	0 	0 	0 	3 	0 	0 	0 	0 	1.2035 	0.5360 	1.8710 	1.0000
547 	0 	0 	0 	0 	0 	0 	0 	0 	0 	0 	0 	3 	0 	0 	0 	0 	0 	0 	0 	0 	1.3526 	0.6948 	2.0103 	1.0000
548 	0 	0 	0 	0 	0 	0 	0 	0 	0 	0 	0 	0 	0 	0 	0 	3 	0 	0 	0 	0 	1.2035 	0.5360 	1.8710 	1.0000
549 	0 	0 	0 	0 	0 	0 	0 	0 	0 	0 	0 	0 	0 	0 	0 	0 	3 	0 	0 	0 	1.2597 	0.6006 	1.9188 	1.0000
550 	0 	0 	0 	3 	0 	0 	0 	0 	0 	0 	0 	0 	0 	0 	0 	0 	0 	0 	0 	0 	1.2379 	0.5763 	1.8996 	1.0000
551 	3 	0 	0 	0 	0 	0 	0 	0 	0 	0 	0 	0 	0 	0 	0 	0 	0 	0 	0 	0 	1.1496 	0.4680 	1.8312 	1.0000
552 	0 	0 	0 	0 	0 	3 	0 	0 	0 	0 	0 	0 	0 	0 	0 	0 	0 	0 	0 	0 	1.1901 	0.5196 	1.8605 	1.0000
553 	0 	0 	0 	0 	0 	0 	0 	0 	0 	0 	0 	1 	0 	2 	0 	0 	0 	0 	0 	0 	1.2009 	0.6345 	1.7673 	1.0000
554 	0 	0 	0 	0 	0 	0 	0 	0 	3 	0 	0 	0 	0 	0 	0 	0 	0 	0 	0 	0 	1.2655 	0.6069 	1.9240 	1.0000
555 	0 	0 	0 	0 	0 	0 	0 	0 	0 	3 	0 	0 	0 	0 	0 	0 	0 	0 	0 	0 	1.1213 	0.4297 	1.8129 	1.0000
556 	0 	0 	0 	0 	0 	0 	0 	0 	0 	3 	0 	0 	0 	0 	0 	0 	0 	0 	0 	0 	1.1213 	0.4297 	1.8129 	1.0000
557 	0 	0 	0 	1 	0 	0 	0 	0 	1 	0 	0 	0 	0 	1 	0 	0 	0 	0 	0 	0 	1.0198 	0.5075 	1.5322 	1.0000
558 	0 	0 	0 	0 	0 	0 	0 	0 	0 	0 	3 	0 	0 	0 	0 	0 	0 	0 	0 	0 	1.5684 	0.8658 	2.2709 	1.0000
559 	0 	0 	0 	0 	0 	0 	0 	0 	0 	3 	0 	0 	0 	0 	0 	0 	0 	0 	0 	0 	1.1213 	0.4297 	1.8129 	1.0000
560 	0 	0 	0 	0 	0 	0 	0 	0 	1 	0 	0 	0 	0 	0 	0 	2 	0 	0 	0 	0 	1.0606 	0.4880 	1.6331 	1.0000
561 	0 	0 	0 	0 	0 	0 	0 	0 	0 	3 	0 	0 	0 	0 	0 	0 	0 	0 	0 	0 	1.1213 	0.4297 	1.8129 	1.0000
562 	0 	0 	0 	0 	0 	3 	0 	0 	0 	0 	0 	0 	0 	0 	0 	0 	0 	0 	0 	0 	1.1901 	0.5196 	1.8605 	1.0000
563 	0 	0 	0 	0 	0 	0 	0 	0 	2 	0 	0 	1 	0 	0 	0 	0 	0 	0 	0 	0 	1.1245 	0.5581 	1.6910 	1.0000
564 	0 	0 	0 	0 	0 	0 	0 	0 	0 	0 	0 	0 	0 	0 	0 	3 	0 	0 	0 	0 	1.2035 	0.5360 	1.8710 	1.0000
565 	0 	0 	0 	2 	0 	0 	0 	0 	1 	0 	0 	0 	0 	0 	0 	0 	0 	0 	0 	0 	1.0821 	0.5149 	1.6493 	1.0000
566 	0 	0 	0 	0 	0 	0 	0 	0 	0 	0 	0 	0 	3 	0 	0 	0 	0 	0 	0 	0 	1.3025 	0.6458 	1.9591 	1.0000
567 	0 	0 	0 	0 	0 	0 	0 	0 	0 	0 	0 	0 	0 	0 	0 	0 	0 	0 	3 	0 	1.7983 	0.9975 	2.5991 	1.0000
568 	0 	0 	0 	0 	0 	0 	0 	0 	0 	0 	0 	0 	0 	0 	0 	0 	3 	0 	0 	0 	1.2597 	0.6006 	1.9188 	1.0000
569 	0 	0 	0 	0 	1 	0 	0 	0 	1 	1 	0 	0 	0 	0 	0 	0 	0 	0 	0 	0 	0.9908 	0.4591 	1.5225 	1.0000
570 	3 	0 	0 	0 	0 	0 	0 	0 	0 	0 	0 	0 	0 	0 	0 	0 	0 	0 	0 	0 	1.1496 	0.4680 	1.8312 	1.0000
571 	0 	0 	0 	0 	0 	0 	0 	0 	0 	3 	0 	0 	0 	0 	0 	0 	0 	0 	0 	0 	1.1213 	0.4297 	1.8129 	1.0000
572 	0 	0 	0 	3 	0 	0 	0 	0 	0 	0 	0 	0 	0 	0 	0 	0 	0 	0 	0 	0 	1.2379 	0.5763 	1.8996 	1.0000
573 	0 	0 	0 	0 	0 	0 	0 	0 	1 	0 	0 	2 	0 	0 	0 	0 	0 	0 	0 	0 	1.1548 	0.5905 	1.7191 	1.0000
574 	0 	0 	0 	0 	0 	0 	0 	2 	0 	0 	0 	0 	0 	0 	0 	0 	0 	1 	0 	0 	1.1054 	0.5400 	1.6709 	1.0000
575 	0 	0 	0 	0 	0 	0 	0 	0 	0 	0 	0 	0 	0 	0 	0 	0 	1 	2 	0 	0 	1.0678 	0.4977 	1.6379 	1.0000
576 	0 	0 	0 	0 	0 	3 	0 	0 	0 	0 	0 	0 	0 	0 	0 	0 	0 	0 	0 	0 	1.1901 	0.5196 	1.8605 	1.0000
577 	1 	0 	0 	0 	0 	0 	0 	0 	0 	0 	0 	0 	0 	0 	0 	0 	1 	1 	0 	0 	0.9460 	0.4254 	1.4666 	1.0000
578 	0 	0 	0 	0 	0 	0 	0 	0 	2 	0 	0 	0 	0 	0 	1 	0 	0 	0 	0 	0 	1.0995 	0.5350 	1.6639 	1.0000
579 	0 	0 	0 	0 	0 	0 	0 	0 	1 	0 	0 	1 	0 	0 	0 	0 	1 	0 	0 	0 	1.0163 	0.5079 	1.5246 	1.0000
580 	0 	0 	0 	0 	0 	0 	0 	0 	0 	0 	3 	0 	0 	0 	0 	0 	0 	0 	0 	0 	1.5684 	0.8658 	2.2709 	1.0000
581 	0 	0 	3 	0 	0 	0 	0 	0 	0 	0 	0 	0 	0 	0 	0 	0 	0 	0 	0 	0 	1.2896 	0.6325 	1.9466 	1.0000
582 	1 	0 	0 	0 	0 	0 	0 	0 	0 	0 	0 	0 	0 	0 	0 	0 	0 	2 	0 	0 	1.0376 	0.4599 	1.6152 	1.0000
583 	0 	0 	0 	0 	0 	0 	0 	0 	3 	0 	0 	0 	0 	0 	0 	0 	0 	0 	0 	0 	1.2655 	0.6069 	1.9240 	1.0000
584 	0 	0 	0 	0 	0 	0 	0 	0 	0 	0 	0 	0 	3 	0 	0 	0 	0 	0 	0 	0 	1.3025 	0.6458 	1.9591 	1.0000
585 	0 	0 	0 	0 	0 	0 	0 	0 	0 	3 	0 	0 	0 	0 	0 	0 	0 	0 	0 	0 	1.1213 	0.4297 	1.8129 	1.0000
586 	0 	0 	0 	0 	0 	0 	0 	0 	0 	3 	0 	0 	0 	0 	0 	0 	0 	0 	0 	0 	1.1213 	0.4297 	1.8129 	1.0000
587 	0 	0 	0 	0 	0 	0 	0 	0 	0 	0 	0 	2 	0 	0 	0 	1 	0 	0 	0 	0 	1.1375 	0.5686 	1.7064 	1.0000
588 	0 	0 	0 	0 	0 	0 	0 	0 	0 	0 	0 	0 	0 	0 	0 	0 	0 	0 	0 	3 	1.4642 	0.7905 	2.1378 	1.0000
589 	0 	0 	0 	0 	3 	0 	0 	0 	0 	0 	0 	0 	0 	0 	0 	0 	0 	0 	0 	0 	1.3943 	0.7327 	2.0560 	1.0000
590 	0 	0 	0 	2 	0 	0 	0 	0 	0 	0 	0 	0 	0 	1 	0 	0 	0 	0 	0 	0 	1.1169 	0.5444 	1.6894 	1.0000
591 	0 	0 	0 	0 	0 	0 	0 	0 	0 	0 	0 	0 	3 	0 	0 	0 	0 	0 	0 	0 	1.3025 	0.6458 	1.9591 	1.0000
592 	0 	0 	0 	0 	0 	0 	0 	0 	0 	3 	0 	0 	0 	0 	0 	0 	0 	0 	0 	0 	1.1213 	0.4297 	1.8129 	1.0000
593 	0 	0 	0 	0 	2 	0 	0 	0 	0 	1 	0 	0 	0 	0 	0 	0 	0 	0 	0 	0 	1.1421 	0.5548 	1.7295 	1.0000
594 	0 	0 	1 	0 	0 	0 	0 	0 	0 	0 	0 	0 	0 	0 	0 	0 	2 	0 	0 	0 	1.1027 	0.5379 	1.6675 	1.0000
595 	0 	0 	0 	0 	0 	0 	0 	0 	0 	0 	0 	0 	0 	0 	0 	0 	0 	0 	3 	0 	1.7983 	0.9975 	2.5991 	1.0000
596 	0 	0 	0 	0 	0 	0 	0 	0 	0 	3 	0 	0 	0 	0 	0 	0 	0 	0 	0 	0 	1.1213 	0.4297 	1.8129 	1.0000
597 	0 	0 	0 	0 	0 	0 	0 	0 	3 	0 	0 	0 	0 	0 	0 	0 	0 	0 	0 	0 	1.2655 	0.6069 	1.9240 	1.0000
598 	1 	0 	0 	2 	0 	0 	0 	0 	0 	0 	0 	0 	0 	0 	0 	0 	0 	0 	0 	0 	1.0503 	0.4747 	1.6258 	1.0000
599 	0 	0 	0 	0 	0 	0 	0 	0 	0 	0 	0 	0 	0 	3 	0 	0 	0 	0 	0 	0 	1.3855 	0.7249 	2.0461 	1.0000
600 	0 	0 	0 	0 	0 	0 	0 	0 	0 	0 	0 	3 	0 	0 	0 	0 	0 	0 	0 	0 	1.3526 	0.6948 	2.0103 	1.0000
601 	0 	0 	0 	0 	0 	2 	0 	0 	0 	0 	0 	0 	0 	0 	1 	0 	0 	0 	0 	0 	1.0521 	0.4769 	1.6274 	1.0000
602 	0 	0 	0 	0 	0 	0 	0 	0 	0 	0 	0 	3 	0 	0 	0 	0 	0 	0 	0 	0 	1.3526 	0.6948 	2.0103 	1.0000
603 	0 	0 	0 	0 	0 	0 	0 	0 	0 	0 	0 	0 	0 	0 	0 	3 	0 	0 	0 	0 	1.2035 	0.5360 	1.8710 	1.0000
604 	0 	0 	0 	0 	1 	0 	0 	0 	0 	0 	0 	0 	0 	0 	0 	1 	0 	0 	0 	0 	1.0612 	0.4977 	1.6247 	0.6667
605 	1 	0 	0 	0 	0 	0 	0 	0 	0 	0 	0 	0 	0 	0 	0 	0 	0 	2 	0 	0 	1.0376 	0.4599 	1.6152 	1.0000
606 	0 	0 	0 	0 	0 	3 	0 	0 	0 	0 	0 	0 	0 	0 	0 	0 	0 	0 	0 	0 	1.1901 	0.5196 	1.8605 	1.0000
607 	0 	0 	0 	0 	0 	0 	0 	0 	0 	0 	0 	0 	0 	0 	0 	0 	0 	0 	3 	0 	1.7983 	0.9975 	2.5991 	1.0000
608 	0 	0 	0 	0 	0 	0 	1 	0 	0 	0 	0 	2 	0 	0 	0 	0 	0 	0 	0 	0 	1.2548 	0.6588 	1.8508 	1.0000
609 	0 	0 	0 	0 	0 	0 	0 	0 	0 	0 	0 	0 	0 	0 	0 	1 	2 	0 	0 	0 	1.0786 	0.5107 	1.6465 	1.0000
610 	0 	0 	2 	1 	0 	0 	0 	0 	0 	0 	0 	0 	0 	0 	0 	0 	0 	0 	0 	0 	1.1070 	0.5427 	1.6712 	1.0000
611 	0 	0 	0 	0 	0 	0 	0 	0 	0 	0 	0 	0 	0 	0 	0 	0 	0 	0 	3 	0 	1.7983 	0.9975 	2.5991 	1.0000
612 	0 	0 	0 	0 	0 	0 	0 	0 	0 	0 	0 	0 	0 	0 	0 	2 	1 	0 	0 	0 	1.0589 	0.4864 	1.6315 	1.0000
613 	0 	0 	0 	0 	0 	0 	0 	0 	0 	0 	0 	0 	3 	0 	0 	0 	0 	0 	0 	0 	1.3025 	0.6458 	1.9591 	1.0000
614 	0 	0 	0 	0 	0 	0 	0 	0 	0 	0 	0 	0 	0 	0 	0 	0 	0 	0 	0 	3 	1.4642 	0.7905 	2.1378 	1.0000
615 	3 	0 	0 	0 	0 	0 	0 	0 	0 	0 	0 	0 	0 	0 	0 	0 	0 	0 	0 	0 	1.1496 	0.4680 	1.8312 	1.0000
616 	0 	0 	3 	0 	0 	0 	0 	0 	0 	0 	0 	0 	0 	0 	0 	0 	0 	0 	0 	0 	1.2896 	0.6325 	1.9466 	1.0000
617 	0 	0 	0 	0 	0 	0 	0 	0 	0 	0 	0 	0 	0 	3 	0 	0 	0 	0 	0 	0 	1.3855 	0.7249 	2.0461 	1.0000
618 	0 	0 	0 	0 	0 	0 	0 	0 	0 	0 	0 	0 	0 	0 	0 	3 	0 	0 	0 	0 	1.2035 	0.5360 	1.8710 	1.0000
619 	0 	0 	0 	0 	0 	0 	0 	3 	0 	0 	0 	0 	0 	0 	0 	0 	0 	0 	0 	0 	1.2959 	0.6391 	1.9528 	1.0000
620 	0 	0 	0 	0 	0 	0 	0 	0 	3 	0 	0 	0 	0 	0 	0 	0 	0 	0 	0 	0 	1.2655 	0.6069 	1.9240 	1.0000
621 	0 	0 	0 	0 	0 	0 	0 	0 	0 	0 	0 	0 	0 	0 	0 	0 	0 	3 	0 	0 	1.2177 	0.5530 	1.8825 	1.0000
622 	0 	0 	0 	0 	0 	0 	0 	0 	0 	0 	0 	0 	0 	0 	3 	0 	0 	0 	0 	0 	1.2655 	0.6069 	1.9240 	1.0000
623 	0 	0 	0 	0 	0 	0 	0 	3 	0 	0 	0 	0 	0 	0 	0 	0 	0 	0 	0 	0 	1.2959 	0.6391 	1.9528 	1.0000
624 	0 	0 	0 	0 	0 	0 	0 	0 	0 	0 	0 	0 	0 	0 	0 	3 	0 	0 	0 	0 	1.2035 	0.5360 	1.8710 	1.0000
625 	0 	0 	0 	0 	0 	0 	0 	0 	0 	3 	0 	0 	0 	0 	0 	0 	0 	0 	0 	0 	1.1213 	0.4297 	1.8129 	1.0000
626 	0 	0 	0 	0 	0 	0 	0 	0 	3 	0 	0 	0 	0 	0 	0 	0 	0 	0 	0 	0 	1.2655 	0.6069 	1.9240 	1.0000
627 	0 	0 	0 	0 	0 	0 	0 	0 	0 	0 	0 	0 	0 	0 	0 	3 	0 	0 	0 	0 	1.2035 	0.5360 	1.8710 	1.0000
628 	3 	0 	0 	0 	0 	0 	0 	0 	0 	0 	0 	0 	0 	0 	0 	0 	0 	0 	0 	0 	1.1496 	0.4680 	1.8312 	1.0000
629 	0 	0 	0 	0 	0 	0 	0 	0 	0 	3 	0 	0 	0 	0 	0 	0 	0 	0 	0 	0 	1.1213 	0.4297 	1.8129 	1.0000
630 	0 	0 	0 	0 	0 	3 	0 	0 	0 	0 	0 	0 	0 	0 	0 	0 	0 	0 	0 	0 	1.1901 	0.5196 	1.8605 	1.0000
631 	1 	0 	0 	1 	0 	0 	0 	0 	1 	0 	0 	0 	0 	0 	0 	0 	0 	0 	0 	0 	0.9532 	0.4338 	1.4727 	1.0000
632 	0 	0 	0 	1 	0 	0 	0 	0 	1 	0 	0 	1 	0 	0 	0 	0 	0 	0 	0 	0 	1.0101 	0.5004 	1.5199 	1.0000
633 	3 	0 	0 	0 	0 	0 	0 	0 	0 	0 	0 	0 	0 	0 	0 	0 	0 	0 	0 	0 	1.1496 	0.4680 	1.8312 	1.0000
634 	0 	0 	0 	0 	0 	0 	0 	0 	0 	0 	0 	0 	0 	0 	0 	0 	0 	0 	0 	3 	1.4642 	0.7905 	2.1378 	1.0000
635 	0 	0 	0 	3 	0 	0 	0 	0 	0 	0 	0 	0 	0 	0 	0 	0 	0 	0 	0 	0 	1.2379 	0.5763 	1.8996 	1.0000
636 	0 	0 	0 	0 	0 	0 	0 	0 	0 	0 	0 	0 	0 	0 	0 	0 	0 	0 	3 	0 	1.7983 	0.9975 	2.5991 	1.0000
637 	0 	0 	0 	0 	0 	0 	0 	0 	0 	0 	0 	2 	0 	0 	0 	0 	1 	0 	0 	0 	1.1532 	0.5886 	1.7177 	1.0000
638 	0 	0 	2 	0 	0 	0 	0 	0 	0 	0 	0 	1 	0 	0 	0 	0 	0 	0 	0 	0 	1.1398 	0.5752 	1.7044 	1.0000
639 	0 	0 	0 	0 	0 	0 	0 	0 	0 	0 	0 	3 	0 	0 	0 	0 	0 	0 	0 	0 	1.3526 	0.6948 	2.0103 	1.0000
640 	0 	0 	0 	3 	0 	0 	0 	0 	0 	0 	0 	0 	0 	0 	0 	0 	0 	0 	0 	0 	1.2379 	0.5763 	1.8996 	1.0000
641 	0 	0 	0 	0 	0 	0 	0 	0 	0 	0 	3 	0 	0 	0 	0 	0 	0 	0 	0 	0 	1.5684 	0.8658 	2.2709 	1.0000
642 	0 	0 	0 	0 	1 	0 	0 	0 	0 	0 	0 	0 	0 	0 	0 	0 	0 	0 	0 	2 	1.2637 	0.6850 	1.8425 	1.0000
643 	0 	0 	0 	0 	0 	0 	0 	0 	0 	3 	0 	0 	0 	0 	0 	0 	0 	0 	0 	0 	1.1213 	0.4297 	1.8129 	1.0000
644 	0 	0 	0 	0 	3 	0 	0 	0 	0 	0 	0 	0 	0 	0 	0 	0 	0 	0 	0 	0 	1.3943 	0.7327 	2.0560 	1.0000
645 	0 	0 	0 	0 	0 	0 	0 	0 	0 	0 	0 	0 	0 	0 	3 	0 	0 	0 	0 	0 	1.2655 	0.6069 	1.9240 	1.0000
646 	0 	0 	0 	0 	0 	0 	0 	0 	0 	0 	0 	0 	0 	0 	0 	3 	0 	0 	0 	0 	1.2035 	0.5360 	1.8710 	1.0000
647 	0 	0 	0 	0 	0 	0 	0 	0 	0 	0 	0 	0 	0 	0 	0 	3 	0 	0 	0 	0 	1.2035 	0.5360 	1.8710 	1.0000
648 	0 	0 	0 	0 	0 	0 	0 	1 	0 	0 	0 	0 	0 	0 	0 	0 	0 	2 	0 	0 	1.0781 	0.5078 	1.6485 	1.0000
649 	3 	0 	0 	0 	0 	0 	0 	0 	0 	0 	0 	0 	0 	0 	0 	0 	0 	0 	0 	0 	1.1496 	0.4680 	1.8312 	1.0000
650 	0 	0 	0 	0 	0 	0 	0 	0 	0 	0 	0 	0 	0 	0 	0 	0 	0 	0 	0 	3 	1.4642 	0.7905 	2.1378 	1.0000
651 	3 	0 	0 	0 	0 	0 	0 	0 	0 	0 	0 	0 	0 	0 	0 	0 	0 	0 	0 	0 	1.1496 	0.4680 	1.8312 	1.0000
652 	0 	0 	0 	0 	0 	0 	0 	0 	0 	0 	3 	0 	0 	0 	0 	0 	0 	0 	0 	0 	1.5684 	0.8658 	2.2709 	1.0000
653 	0 	0 	0 	0 	0 	0 	0 	0 	0 	0 	0 	0 	0 	0 	3 	0 	0 	0 	0 	0 	1.2655 	0.6069 	1.9240 	1.0000
654 	0 	0 	0 	1 	0 	0 	0 	0 	1 	0 	0 	1 	0 	0 	0 	0 	0 	0 	0 	0 	1.0101 	0.5004 	1.5199 	1.0000
655 	0 	0 	0 	0 	0 	0 	0 	0 	0 	0 	0 	0 	0 	0 	0 	0 	0 	0 	0 	3 	1.4642 	0.7905 	2.1378 	1.0000
656 	0 	0 	0 	0 	3 	0 	0 	0 	0 	0 	0 	0 	0 	0 	0 	0 	0 	0 	0 	0 	1.3943 	0.7327 	2.0560 	1.0000
657 	0 	0 	0 	0 	0 	0 	0 	0 	0 	0 	0 	0 	0 	0 	0 	3 	0 	0 	0 	0 	1.2035 	0.5360 	1.8710 	1.0000
658 	0 	0 	0 	0 	0 	0 	0 	1 	1 	0 	0 	0 	0 	0 	0 	1 	0 	0 	0 	0 	0.9842 	0.4733 	1.4951 	1.0000
659 	1 	0 	0 	0 	0 	0 	0 	1 	0 	0 	0 	0 	0 	0 	0 	0 	0 	1 	0 	0 	0.9563 	0.4353 	1.4772 	1.0000
660 	0 	0 	0 	0 	0 	0 	0 	0 	3 	0 	0 	0 	0 	0 	0 	0 	0 	0 	0 	0 	1.2655 	0.6069 	1.9240 	1.0000
661 	0 	0 	0 	0 	0 	0 	0 	0 	0 	0 	0 	3 	0 	0 	0 	0 	0 	0 	0 	0 	1.3526 	0.6948 	2.0103 	1.0000
662 	0 	0 	0 	1 	0 	0 	0 	0 	0 	0 	0 	0 	0 	2 	0 	0 	0 	0 	0 	0 	1.1681 	0.5991 	1.7371 	1.0000
663 	0 	0 	0 	0 	0 	0 	0 	0 	0 	0 	0 	0 	0 	0 	0 	0 	3 	0 	0 	0 	1.2597 	0.6006 	1.9188 	1.0000
664 	0 	0 	0 	0 	0 	0 	0 	2 	0 	0 	0 	0 	0 	0 	0 	0 	0 	1 	0 	0 	1.1054 	0.5400 	1.6709 	1.0000
665 	0 	0 	0 	0 	0 	0 	0 	0 	0 	0 	0 	0 	3 	0 	0 	0 	0 	0 	0 	0 	1.3025 	0.6458 	1.9591 	1.0000
666 	0 	0 	0 	0 	3 	0 	0 	0 	0 	0 	0 	0 	0 	0 	0 	0 	0 	0 	0 	0 	1.3943 	0.7327 	2.0560 	1.0000
667 	0 	0 	0 	0 	0 	1 	0 	0 	0 	1 	0 	0 	0 	0 	1 	0 	0 	0 	0 	0 	0.9325 	0.4044 	1.4606 	1.0000
668 	2 	0 	0 	1 	0 	0 	0 	0 	0 	0 	0 	0 	0 	0 	0 	0 	0 	0 	0 	0 	1.0193 	0.4337 	1.6048 	1.0000
669 	0 	0 	0 	3 	0 	0 	0 	0 	0 	0 	0 	0 	0 	0 	0 	0 	0 	0 	0 	0 	1.2379 	0.5763 	1.8996 	1.0000
670 	0 	0 	3 	0 	0 	0 	0 	0 	0 	0 	0 	0 	0 	0 	0 	0 	0 	0 	0 	0 	1.2896 	0.6325 	1.9466 	1.0000
671 	0 	0 	0 	0 	0 	0 	0 	0 	0 	0 	0 	0 	0 	0 	0 	0 	0 	3 	0 	0 	1.2177 	0.5530 	1.8825 	1.0000
672 	0 	0 	0 	0 	0 	0 	0 	0 	0 	0 	0 	0 	0 	0 	1 	0 	0 	0 	2 	0 	1.4443 	0.7433 	2.1453 	1.0000
673 	0 	0 	0 	0 	0 	0 	0 	0 	0 	0 	0 	0 	0 	0 	0 	0 	0 	3 	0 	0 	1.2177 	0.5530 	1.8825 	1.0000
674 	0 	0 	0 	0 	0 	0 	0 	0 	0 	0 	0 	1 	0 	0 	0 	2 	0 	0 	0 	0 	1.0856 	0.5097 	1.6616 	1.0000
675 	0 	0 	3 	0 	0 	0 	0 	0 	0 	0 	0 	0 	0 	0 	0 	0 	0 	0 	0 	0 	1.2896 	0.6325 	1.9466 	1.0000
676 	0 	0 	0 	0 	0 	0 	0 	0 	0 	2 	0 	0 	0 	0 	0 	0 	0 	1 	0 	0 	0.9962 	0.4014 	1.5910 	1.0000
677 	0 	0 	0 	0 	0 	0 	0 	0 	3 	0 	0 	0 	0 	0 	0 	0 	0 	0 	0 	0 	1.2655 	0.6069 	1.9240 	1.0000
678 	0 	0 	0 	0 	0 	0 	0 	0 	0 	0 	0 	0 	3 	0 	0 	0 	0 	0 	0 	0 	1.3025 	0.6458 	1.9591 	1.0000
679 	0 	0 	0 	0 	0 	0 	0 	0 	0 	0 	0 	0 	0 	0 	3 	0 	0 	0 	0 	0 	1.2655 	0.6069 	1.9240 	1.0000
680 	0 	0 	0 	0 	0 	0 	0 	1 	0 	0 	0 	0 	0 	0 	0 	0 	0 	2 	0 	0 	1.0781 	0.5078 	1.6485 	1.0000
681 	0 	0 	0 	0 	0 	0 	0 	0 	0 	0 	0 	0 	0 	0 	0 	3 	0 	0 	0 	0 	1.2035 	0.5360 	1.8710 	1.0000
682 	0 	0 	0 	0 	3 	0 	0 	0 	0 	0 	0 	0 	0 	0 	0 	0 	0 	0 	0 	0 	1.3943 	0.7327 	2.0560 	1.0000
683 	0 	0 	0 	0 	0 	0 	0 	0 	1 	0 	0 	1 	0 	0 	0 	0 	0 	0 	0 	1 	1.0761 	0.5573 	1.5950 	1.0000
684 	0 	0 	0 	0 	3 	0 	0 	0 	0 	0 	0 	0 	0 	0 	0 	0 	0 	0 	0 	0 	1.3943 	0.7327 	2.0560 	1.0000
685 	0 	0 	0 	0 	3 	0 	0 	0 	0 	0 	0 	0 	0 	0 	0 	0 	0 	0 	0 	0 	1.3943 	0.7327 	2.0560 	1.0000
686 	0 	0 	0 	0 	0 	0 	0 	0 	0 	0 	0 	0 	0 	0 	0 	0 	0 	3 	0 	0 	1.2177 	0.5530 	1.8825 	1.0000
687 	0 	0 	0 	0 	0 	0 	0 	0 	0 	0 	0 	0 	0 	0 	0 	0 	3 	0 	0 	0 	1.2597 	0.6006 	1.9188 	1.0000
688 	0 	0 	0 	0 	0 	0 	0 	0 	0 	0 	0 	0 	0 	0 	0 	3 	0 	0 	0 	0 	1.2035 	0.5360 	1.8710 	1.0000
689 	0 	0 	0 	0 	0 	0 	0 	0 	0 	0 	0 	0 	3 	0 	0 	0 	0 	0 	0 	0 	1.3025 	0.6458 	1.9591 	1.0000
690 	1 	0 	0 	0 	0 	0 	0 	0 	0 	0 	0 	0 	0 	1 	0 	0 	1 	0 	0 	0 	0.9941 	0.4694 	1.5188 	1.0000
691 	0 	0 	0 	0 	0 	0 	0 	0 	0 	0 	0 	3 	0 	0 	0 	0 	0 	0 	0 	0 	1.3526 	0.6948 	2.0103 	1.0000
692 	0 	0 	0 	0 	0 	0 	0 	0 	0 	0 	2 	0 	0 	0 	0 	0 	0 	1 	0 	0 	1.2805 	0.6672 	1.8939 	1.0000
693 	0 	0 	0 	0 	0 	0 	0 	0 	0 	0 	0 	0 	0 	0 	0 	3 	0 	0 	0 	0 	1.2035 	0.5360 	1.8710 	1.0000
694 	0 	0 	3 	0 	0 	0 	0 	0 	0 	0 	0 	0 	0 	0 	0 	0 	0 	0 	0 	0 	1.2896 	0.6325 	1.9466 	1.0000
695 	0 	0 	0 	0 	0 	0 	0 	2 	0 	0 	0 	0 	0 	0 	0 	0 	0 	1 	0 	0 	1.1054 	0.5400 	1.6709 	1.0000
696 	0 	0 	0 	0 	0 	0 	0 	3 	0 	0 	0 	0 	0 	0 	0 	0 	0 	0 	0 	0 	1.2959 	0.6391 	1.9528 	1.0000
697 	0 	0 	0 	0 	0 	0 	0 	0 	0 	0 	0 	0 	3 	0 	0 	0 	0 	0 	0 	0 	1.3025 	0.6458 	1.9591 	1.0000
698 	0 	0 	0 	0 	0 	0 	0 	0 	0 	0 	0 	0 	0 	0 	3 	0 	0 	0 	0 	0 	1.2655 	0.6069 	1.9240 	1.0000
699 	0 	0 	0 	0 	0 	0 	0 	0 	0 	0 	0 	0 	0 	0 	0 	3 	0 	0 	0 	0 	1.2035 	0.5360 	1.8710 	1.0000
700 	0 	0 	1 	2 	0 	0 	0 	0 	0 	0 	0 	0 	0 	0 	0 	0 	0 	0 	0 	0 	1.0890 	0.5217 	1.6562 	1.0000
701 	0 	0 	0 	0 	0 	0 	0 	0 	0 	0 	0 	0 	0 	0 	0 	0 	0 	3 	0 	0 	1.2177 	0.5530 	1.8825 	1.0000
702 	0 	0 	0 	3 	0 	0 	0 	0 	0 	0 	0 	0 	0 	0 	0 	0 	0 	0 	0 	0 	1.2379 	0.5763 	1.8996 	1.0000
703 	0 	0 	2 	0 	0 	0 	0 	0 	1 	0 	0 	0 	0 	0 	0 	0 	0 	0 	0 	0 	1.1147 	0.5515 	1.6779 	1.0000
704 	3 	0 	0 	0 	0 	0 	0 	0 	0 	0 	0 	0 	0 	0 	0 	0 	0 	0 	0 	0 	1.1496 	0.4680 	1.8312 	1.0000
705 	0 	0 	0 	0 	0 	0 	0 	3 	0 	0 	0 	0 	0 	0 	0 	0 	0 	0 	0 	0 	1.2959 	0.6391 	1.9528 	1.0000
706 	0 	0 	0 	0 	0 	0 	0 	0 	0 	0 	0 	0 	0 	0 	1 	0 	0 	0 	0 	0 	1.0715 	0.4735 	1.6694 	0.3333
707 	0 	0 	1 	0 	0 	0 	0 	0 	0 	0 	0 	0 	0 	0 	0 	0 	0 	0 	0 	0 	1.0808 	0.4845 	1.6771 	0.3333
708 	0 	0 	0 	0 	0 	0 	0 	0 	0 	0 	0 	0 	0 	0 	2 	1 	0 	0 	0 	0 	1.0822 	0.5146 	1.6498 	1.0000
709 	0 	0 	0 	0 	0 	0 	0 	0 	0 	0 	3 	0 	0 	0 	0 	0 	0 	0 	0 	0 	1.5684 	0.8658 	2.2709 	1.0000
710 	0 	0 	0 	0 	0 	0 	0 	0 	0 	0 	0 	0 	0 	0 	0 	3 	0 	0 	0 	0 	1.2035 	0.5360 	1.8710 	1.0000
711 	0 	0 	0 	0 	0 	0 	0 	0 	0 	0 	0 	0 	0 	0 	3 	0 	0 	0 	0 	0 	1.2655 	0.6069 	1.9240 	1.0000
712 	0 	0 	0 	0 	0 	1 	0 	0 	0 	0 	0 	0 	0 	0 	0 	2 	0 	0 	0 	0 	1.0396 	0.4642 	1.6150 	1.0000
713 	0 	0 	0 	0 	0 	0 	0 	0 	0 	0 	0 	0 	0 	0 	3 	0 	0 	0 	0 	0 	1.2655 	0.6069 	1.9240 	1.0000
714 	0 	0 	0 	0 	0 	0 	0 	3 	0 	0 	0 	0 	0 	0 	0 	0 	0 	0 	0 	0 	1.2959 	0.6391 	1.9528 	1.0000
715 	0 	0 	0 	0 	0 	0 	0 	0 	0 	0 	0 	3 	0 	0 	0 	0 	0 	0 	0 	0 	1.3526 	0.6948 	2.0103 	1.0000
716 	1 	0 	2 	0 	0 	0 	0 	0 	0 	0 	0 	0 	0 	0 	0 	0 	0 	0 	0 	0 	1.0828 	0.5095 	1.6562 	1.0000
717 	2 	0 	0 	0 	0 	0 	0 	0 	0 	0 	0 	0 	0 	0 	0 	0 	0 	1 	0 	0 	1.0136 	0.4277 	1.5996 	1.0000
718 	0 	0 	0 	0 	3 	0 	0 	0 	0 	0 	0 	0 	0 	0 	0 	0 	0 	0 	0 	0 	1.3943 	0.7327 	2.0560 	1.0000
719 	0 	0 	0 	0 	0 	1 	0 	0 	0 	0 	0 	0 	0 	0 	2 	0 	0 	0 	0 	0 	1.0785 	0.5097 	1.6473 	1.0000
720 	0 	0 	0 	0 	0 	0 	0 	0 	0 	3 	0 	0 	0 	0 	0 	0 	0 	0 	0 	0 	1.1213 	0.4297 	1.8129 	1.0000
721 	0 	0 	2 	0 	0 	0 	0 	0 	0 	0 	0 	1 	0 	0 	0 	0 	0 	0 	0 	0 	1.1398 	0.5752 	1.7044 	1.0000
722 	0 	0 	3 	0 	0 	0 	0 	0 	0 	0 	0 	0 	0 	0 	0 	0 	0 	0 	0 	0 	1.2896 	0.6325 	1.9466 	1.0000
723 	0 	0 	0 	0 	0 	0 	0 	0 	0 	0 	0 	3 	0 	0 	0 	0 	0 	0 	0 	0 	1.3526 	0.6948 	2.0103 	1.0000
724 	0 	0 	0 	0 	0 	0 	0 	0 	0 	0 	0 	0 	0 	0 	0 	2 	1 	0 	0 	0 	1.0589 	0.4864 	1.6315 	1.0000
725 	0 	0 	0 	0 	0 	0 	0 	0 	0 	3 	0 	0 	0 	0 	0 	0 	0 	0 	0 	0 	1.1213 	0.4297 	1.8129 	1.0000
726 	0 	0 	0 	3 	0 	0 	0 	0 	0 	0 	0 	0 	0 	0 	0 	0 	0 	0 	0 	0 	1.2379 	0.5763 	1.8996 	1.0000
727 	0 	0 	0 	0 	3 	0 	0 	0 	0 	0 	0 	0 	0 	0 	0 	0 	0 	0 	0 	0 	1.3943 	0.7327 	2.0560 	1.0000
728 	0 	0 	0 	0 	0 	0 	0 	0 	0 	3 	0 	0 	0 	0 	0 	0 	0 	0 	0 	0 	1.1213 	0.4297 	1.8129 	1.0000
729 	0 	0 	0 	0 	0 	3 	0 	0 	0 	0 	0 	0 	0 	0 	0 	0 	0 	0 	0 	0 	1.1901 	0.5196 	1.8605 	1.0000
730 	0 	0 	0 	0 	0 	0 	0 	3 	0 	0 	0 	0 	0 	0 	0 	0 	0 	0 	0 	0 	1.2959 	0.6391 	1.9528 	1.0000
731 	0 	0 	0 	0 	0 	0 	1 	0 	0 	0 	0 	0 	0 	2 	0 	0 	0 	0 	0 	0 	1.2759 	0.6796 	1.8721 	1.0000
732 	0 	0 	0 	0 	0 	0 	0 	0 	0 	0 	0 	0 	3 	0 	0 	0 	0 	0 	0 	0 	1.3025 	0.6458 	1.9591 	1.0000
733 	0 	0 	0 	0 	0 	0 	0 	0 	0 	0 	0 	0 	0 	0 	0 	0 	3 	0 	0 	0 	1.2597 	0.6006 	1.9188 	1.0000
734 	0 	0 	0 	0 	0 	0 	0 	0 	0 	3 	0 	0 	0 	0 	0 	0 	0 	0 	0 	0 	1.1213 	0.4297 	1.8129 	1.0000
735 	0 	0 	0 	1 	0 	2 	0 	0 	0 	0 	0 	0 	0 	0 	0 	0 	0 	0 	0 	0 	1.0444 	0.4689 	1.6199 	1.0000
736 	0 	0 	0 	0 	0 	0 	0 	0 	0 	0 	0 	0 	3 	0 	0 	0 	0 	0 	0 	0 	1.3025 	0.6458 	1.9591 	1.0000
737 	0 	0 	0 	0 	0 	0 	0 	0 	0 	0 	0 	0 	3 	0 	0 	0 	0 	0 	0 	0 	1.3025 	0.6458 	1.9591 	1.0000
738 	0 	0 	1 	0 	0 	0 	0 	0 	0 	0 	0 	0 	0 	0 	0 	0 	0 	0 	0 	2 	1.2332 	0.6546 	1.8119 	1.0000
739 	0 	0 	0 	1 	0 	0 	0 	0 	0 	0 	0 	0 	0 	2 	0 	0 	0 	0 	0 	0 	1.1681 	0.5991 	1.7371 	1.0000
740 	0 	0 	0 	0 	0 	0 	0 	0 	0 	0 	0 	0 	3 	0 	0 	0 	0 	0 	0 	0 	1.3025 	0.6458 	1.9591 	1.0000
741 	0 	0 	0 	0 	0 	0 	0 	0 	0 	0 	0 	0 	3 	0 	0 	0 	0 	0 	0 	0 	1.3025 	0.6458 	1.9591 	1.0000
742 	0 	0 	0 	0 	0 	0 	0 	0 	0 	0 	0 	0 	0 	0 	0 	0 	0 	3 	0 	0 	1.2177 	0.5530 	1.8825 	1.0000
743 	0 	0 	0 	0 	0 	0 	0 	0 	0 	0 	0 	0 	0 	0 	0 	0 	3 	0 	0 	0 	1.2597 	0.6006 	1.9188 	1.0000
744 	0 	0 	0 	0 	0 	0 	0 	2 	0 	0 	0 	0 	0 	0 	0 	0 	0 	1 	0 	0 	1.1054 	0.5400 	1.6709 	1.0000
745 	0 	0 	0 	0 	0 	0 	0 	0 	0 	0 	0 	0 	0 	0 	0 	0 	0 	0 	3 	0 	1.7983 	0.9975 	2.5991 	1.0000
746 	0 	0 	0 	0 	0 	0 	0 	0 	0 	3 	0 	0 	0 	0 	0 	0 	0 	0 	0 	0 	1.1213 	0.4297 	1.8129 	1.0000
747 	0 	0 	0 	0 	0 	0 	0 	3 	0 	0 	0 	0 	0 	0 	0 	0 	0 	0 	0 	0 	1.2959 	0.6391 	1.9528 	1.0000
748 	0 	0 	0 	0 	0 	0 	0 	2 	0 	0 	0 	0 	0 	0 	0 	0 	0 	1 	0 	0 	1.1054 	0.5400 	1.6709 	1.0000
749 	0 	0 	0 	0 	3 	0 	0 	0 	0 	0 	0 	0 	0 	0 	0 	0 	0 	0 	0 	0 	1.3943 	0.7327 	2.0560 	1.0000
750 	0 	0 	0 	0 	0 	3 	0 	0 	0 	0 	0 	0 	0 	0 	0 	0 	0 	0 	0 	0 	1.1901 	0.5196 	1.8605 	1.0000
751 	0 	0 	0 	0 	0 	0 	0 	0 	0 	0 	0 	0 	0 	0 	0 	0 	0 	3 	0 	0 	1.2177 	0.5530 	1.8825 	1.0000
752 	0 	0 	0 	0 	0 	0 	0 	0 	0 	0 	0 	0 	0 	0 	0 	0 	0 	3 	0 	0 	1.2177 	0.5530 	1.8825 	1.0000
753 	0 	0 	0 	0 	0 	0 	0 	0 	0 	0 	3 	0 	0 	0 	0 	0 	0 	0 	0 	0 	1.5684 	0.8658 	2.2709 	1.0000
754 	1 	0 	0 	0 	0 	2 	0 	0 	0 	0 	0 	0 	0 	0 	0 	0 	0 	0 	0 	0 	1.0203 	0.4385 	1.6021 	1.0000
755 	0 	0 	0 	0 	0 	0 	0 	0 	0 	2 	0 	0 	0 	0 	0 	0 	0 	1 	0 	0 	0.9962 	0.4014 	1.5910 	1.0000
756 	0 	0 	0 	0 	0 	0 	0 	0 	0 	0 	0 	0 	0 	0 	0 	0 	0 	3 	0 	0 	1.2177 	0.5530 	1.8825 	1.0000
757 	0 	0 	0 	0 	0 	0 	0 	0 	0 	0 	0 	0 	0 	0 	0 	0 	0 	3 	0 	0 	1.2177 	0.5530 	1.8825 	1.0000
758 	0 	0 	0 	0 	0 	0 	0 	1 	0 	0 	0 	0 	0 	0 	0 	0 	0 	2 	0 	0 	1.0781 	0.5078 	1.6485 	1.0000
759 	0 	0 	0 	0 	0 	3 	0 	0 	0 	0 	0 	0 	0 	0 	0 	0 	0 	0 	0 	0 	1.1901 	0.5196 	1.8605 	1.0000
760 	0 	0 	0 	0 	0 	0 	0 	3 	0 	0 	0 	0 	0 	0 	0 	0 	0 	0 	0 	0 	1.2959 	0.6391 	1.9528 	1.0000
761 	0 	0 	0 	0 	0 	1 	0 	1 	0 	0 	0 	0 	0 	0 	0 	0 	0 	1 	0 	0 	0.9672 	0.4523 	1.4821 	1.0000
762 	0 	0 	0 	0 	0 	0 	0 	1 	0 	0 	0 	0 	0 	0 	0 	0 	0 	2 	0 	0 	1.0781 	0.5078 	1.6485 	1.0000
763 	0 	0 	0 	0 	0 	0 	0 	0 	0 	3 	0 	0 	0 	0 	0 	0 	0 	0 	0 	0 	1.1213 	0.4297 	1.8129 	1.0000
764 	0 	0 	0 	0 	0 	0 	0 	3 	0 	0 	0 	0 	0 	0 	0 	0 	0 	0 	0 	0 	1.2959 	0.6391 	1.9528 	1.0000
765 	0 	0 	0 	0 	2 	0 	0 	0 	0 	0 	0 	0 	0 	0 	0 	0 	0 	1 	0 	0 	1.1681 	0.5962 	1.7401 	1.0000
766 	0 	0 	0 	0 	0 	0 	0 	0 	0 	0 	0 	0 	0 	0 	0 	0 	3 	0 	0 	0 	1.2597 	0.6006 	1.9188 	1.0000
767 	0 	0 	0 	0 	0 	3 	0 	0 	0 	0 	0 	0 	0 	0 	0 	0 	0 	0 	0 	0 	1.1901 	0.5196 	1.8605 	1.0000
768 	0 	0 	0 	0 	0 	0 	0 	3 	0 	0 	0 	0 	0 	0 	0 	0 	0 	0 	0 	0 	1.2959 	0.6391 	1.9528 	1.0000
769 	0 	0 	0 	0 	0 	0 	0 	0 	1 	0 	0 	0 	0 	0 	2 	0 	0 	0 	0 	0 	1.0995 	0.5350 	1.6639 	1.0000
770 	0 	0 	2 	0 	0 	1 	0 	0 	0 	0 	0 	0 	0 	0 	0 	0 	0 	0 	0 	0 	1.0938 	0.5257 	1.6618 	1.0000
771 	0 	0 	0 	0 	0 	0 	0 	0 	0 	0 	0 	0 	0 	0 	3 	0 	0 	0 	0 	0 	1.2655 	0.6069 	1.9240 	1.0000
772 	0 	0 	0 	0 	0 	0 	0 	0 	2 	0 	0 	0 	0 	0 	1 	0 	0 	0 	0 	0 	1.0995 	0.5350 	1.6639 	1.0000
773 	0 	0 	0 	0 	0 	0 	0 	0 	3 	0 	0 	0 	0 	0 	0 	0 	0 	0 	0 	0 	1.2655 	0.6069 	1.9240 	1.0000
774 	0 	0 	0 	0 	0 	0 	0 	0 	2 	0 	0 	0 	0 	0 	0 	0 	0 	0 	0 	0 	1.1611 	0.5315 	1.7908 	0.6667
775 	0 	0 	0 	0 	0 	0 	0 	0 	0 	0 	0 	2 	0 	0 	0 	0 	0 	0 	0 	0 	1.2250 	0.5972 	1.8528 	0.6667
776 	0 	0 	0 	1 	0 	0 	0 	0 	0 	0 	0 	0 	0 	1 	0 	0 	0 	0 	0 	0 	1.0692 	0.5115 	1.6269 	0.6667
777 	1 	0 	0 	0 	0 	0 	0 	0 	0 	0 	0 	0 	0 	0 	0 	0 	1 	0 	0 	0 	0.9993 	0.4311 	1.5676 	0.6667
778 	0 	0 	0 	0 	0 	1 	0 	0 	1 	0 	0 	0 	0 	0 	0 	0 	0 	0 	0 	0 	1.0138 	0.4536 	1.5740 	0.6667
779 	0 	0 	0 	0 	0 	0 	0 	0 	0 	0 	0 	1 	0 	0 	1 	0 	0 	0 	0 	0 	1.0669 	0.5144 	1.6195 	0.6667
780 	0 	0 	0 	2 	0 	0 	0 	0 	0 	0 	0 	0 	0 	0 	0 	0 	0 	0 	0 	0 	1.1411 	0.5079 	1.7743 	0.6667
781 	0 	0 	0 	2 	0 	0 	0 	0 	0 	0 	0 	0 	0 	0 	0 	0 	0 	0 	0 	0 	1.1411 	0.5079 	1.7743 	0.6667
782 	0 	0 	0 	0 	0 	0 	0 	0 	0 	0 	0 	2 	0 	0 	0 	0 	0 	0 	0 	0 	1.2250 	0.5972 	1.8528 	0.6667
783 	0 	0 	0 	0 	0 	0 	0 	0 	0 	0 	0 	0 	2 	0 	0 	0 	0 	0 	0 	0 	1.1882 	0.5610 	1.8153 	0.6667
784 	0 	0 	0 	0 	0 	0 	0 	0 	0 	0 	0 	0 	0 	0 	0 	0 	0 	0 	0 	2 	1.3077 	0.6639 	1.9514 	0.6667
785 	0 	0 	1 	0 	0 	0 	0 	0 	0 	0 	0 	0 	0 	0 	0 	1 	0 	0 	0 	0 	1.0260 	0.4684 	1.5836 	0.6667
786 	0 	0 	0 	0 	0 	0 	0 	0 	0 	0 	0 	0 	0 	0 	0 	2 	0 	0 	0 	0 	1.1162 	0.4763 	1.7561 	0.6667
787 	0 	0 	0 	0 	0 	0 	0 	0 	0 	0 	1 	0 	0 	0 	0 	0 	0 	1 	0 	0 	1.1266 	0.5322 	1.7210 	0.6667
788 	0 	0 	1 	0 	0 	0 	0 	0 	0 	0 	0 	1 	0 	0 	0 	0 	0 	0 	0 	0 	1.0749 	0.5236 	1.6261 	0.6667
789 	0 	0 	0 	0 	0 	0 	0 	1 	0 	1 	0 	0 	0 	0 	0 	0 	0 	0 	0 	0 	1.0026 	0.4273 	1.5779 	0.6667
790 	0 	0 	0 	0 	0 	1 	0 	0 	0 	0 	0 	0 	0 	0 	0 	1 	0 	0 	0 	0 	0.9939 	0.4290 	1.5588 	0.6667
791 	0 	0 	0 	0 	0 	0 	0 	0 	2 	0 	0 	0 	0 	0 	0 	0 	0 	0 	0 	0 	1.1611 	0.5315 	1.7908 	0.6667
792 	0 	0 	0 	0 	0 	2 	0 	0 	0 	0 	0 	0 	0 	0 	0 	0 	0 	0 	0 	0 	1.1065 	0.4633 	1.7497 	0.6667
793 	0 	0 	0 	2 	0 	0 	0 	0 	0 	0 	0 	0 	0 	0 	0 	0 	0 	0 	0 	0 	1.1411 	0.5079 	1.7743 	0.6667
794 	0 	0 	0 	0 	0 	0 	0 	0 	0 	0 	0 	1 	0 	0 	0 	1 	0 	0 	0 	0 	1.0470 	0.4873 	1.6067 	0.6667
795 	0 	0 	0 	0 	0 	0 	0 	0 	0 	0 	0 	2 	0 	0 	0 	0 	0 	0 	0 	0 	1.2250 	0.5972 	1.8528 	0.6667
796 	1 	0 	0 	0 	0 	0 	0 	0 	0 	0 	0 	0 	1 	0 	0 	0 	0 	0 	0 	0 	1.0134 	0.4453 	1.5814 	0.6667
797 	0 	0 	0 	0 	0 	2 	0 	0 	0 	0 	0 	0 	0 	0 	0 	0 	0 	0 	0 	0 	1.1065 	0.4633 	1.7497 	0.6667
798 	0 	0 	0 	0 	2 	0 	0 	0 	0 	0 	0 	0 	0 	0 	0 	0 	0 	0 	0 	0 	1.2558 	0.6242 	1.8874 	0.6667
799 	0 	0 	0 	0 	0 	0 	0 	0 	0 	0 	0 	0 	0 	2 	0 	0 	0 	0 	0 	0 	1.2493 	0.6188 	1.8798 	0.6667
800 	0 	0 	0 	0 	0 	0 	0 	0 	0 	0 	0 	1 	0 	0 	0 	1 	0 	0 	0 	0 	1.0470 	0.4873 	1.6067 	0.6667
801 	0 	0 	0 	0 	0 	1 	0 	0 	0 	0 	0 	0 	0 	0 	0 	1 	0 	0 	0 	0 	0.9939 	0.4290 	1.5588 	0.6667
802 	0 	0 	2 	0 	0 	0 	0 	0 	0 	0 	0 	0 	0 	0 	0 	0 	0 	0 	0 	0 	1.1787 	0.5510 	1.8065 	0.6667
803 	0 	0 	2 	0 	0 	0 	0 	0 	0 	0 	0 	0 	0 	0 	0 	0 	0 	0 	0 	0 	1.1787 	0.5510 	1.8065 	0.6667
804 	1 	0 	0 	0 	0 	0 	0 	0 	0 	0 	0 	0 	0 	0 	0 	0 	0 	1 	0 	0 	0.9858 	0.4151 	1.5565 	0.6667
805 	0 	0 	0 	0 	0 	0 	0 	0 	0 	0 	0 	0 	0 	2 	0 	0 	0 	0 	0 	0 	1.2493 	0.6188 	1.8798 	0.6667
806 	0 	0 	0 	0 	0 	0 	0 	0 	0 	0 	0 	0 	0 	0 	0 	0 	2 	0 	0 	0 	1.1570 	0.5267 	1.7872 	0.6667
807 	0 	0 	0 	0 	0 	0 	0 	0 	0 	1 	0 	0 	0 	0 	0 	2 	0 	0 	0 	0 	1.0212 	0.4375 	1.6050 	1.0000
808 	0 	0 	0 	0 	2 	0 	0 	0 	0 	0 	0 	0 	0 	0 	0 	0 	0 	0 	1 	0 	1.3440 	0.6989 	1.9890 	1.0000
# End LogoData
